"Cloudlet ID","Status","Data center ID","VM ID","Time","Start Time","Finish Time","Waiting","Completion","RAM Utilization1","RAM Utilization2","RAM Utilization3","RAM Utilization4","RAM Utilization5","RAM Utilization6"
"00","SUCCESS","16","16","507","05","512","00","507","01","01","01","01","01","01"
"01","SUCCESS","43","43","536","05","541","00","536","01","01","01","01","01","01"
"02","SUCCESS","12","12","392","05","397","00","392","01","01","01","01","01","01"
"03","SUCCESS","16","16","880","512","1392","507","1387","01","01","01","01","01","01"
"04","SUCCESS","39","39","345","05","350","00","345","01","01","01","01","01","01"
"05","SUCCESS","34","34","796","05","801","00","796","01","01","01","01","01","01"
"06","SUCCESS","06","06","862","05","867","00","862","01","01","01","01","01","01"
"07","SUCCESS","43","43","489","541","1030","536","1025","01","01","01","01","01","01"
"08","SUCCESS","39","39","417","350","767","345","762","01","01","01","01","01","01"
"09","SUCCESS","49","49","549","05","554","00","549","01","01","01","01","01","01"
"10","SUCCESS","17","17","38","05","43","00","38","01","01","01","01","01","01"
"11","SUCCESS","34","34","567","801","1368","796","1363","01","01","01","01","01","01"
"12","SUCCESS","17","17","448","43","491","38","486","01","01","01","01","01","01"
"13","SUCCESS","05","05","797","05","802","00","797","01","01","01","01","01","01"
"14","SUCCESS","47","47","689","05","694","00","689","01","01","01","01","01","01"
"15","SUCCESS","26","26","494","05","499","00","494","01","01","01","01","01","01"
"16","SUCCESS","40","40","494","05","499","00","494","01","01","01","01","01","01"
"17","SUCCESS","15","15","471","05","476","00","471","01","01","01","01","01","01"
"18","SUCCESS","39","39","753","767","1520","762","1515","01","01","01","01","01","01"
"19","SUCCESS","05","05","576","802","1378","797","1373","01","01","01","01","01","01"
"20","SUCCESS","05","05","298","1378","1676","1373","1671","01","01","01","01","01","01"
"21","SUCCESS","23","23","390","05","395","00","390","01","01","01","01","01","01"
"22","SUCCESS","15","15","755","476","1231","471","1226","01","01","01","01","01","01"
"23","SUCCESS","24","24","154","05","159","00","154","01","01","01","01","01","01"
"24","SUCCESS","25","25","400","05","405","00","400","01","01","01","01","01","01"
"25","SUCCESS","15","15","384","1231","1615","1226","1610","01","01","01","01","01","01"
"26","SUCCESS","29","29","554","05","559","00","554","01","01","01","01","01","01"
"27","SUCCESS","42","42","159","05","164","00","159","01","01","01","01","01","01"
"28","SUCCESS","38","38","857","05","862","00","857","01","01","01","01","01","01"
"29","SUCCESS","13","13","574","05","579","00","574","01","01","01","01","01","01"
"30","SUCCESS","31","31","754","05","759","00","754","01","01","01","01","01","01"
"31","SUCCESS","43","43","240","1030","1270","1025","1265","01","01","01","01","01","01"
"32","SUCCESS","28","28","419","05","424","00","419","01","01","01","01","01","01"
"33","SUCCESS","06","06","946","867","1813","862","1808","01","01","01","01","01","01"
"34","SUCCESS","24","24","842","159","1001","154","996","01","01","01","01","01","01"
"35","SUCCESS","14","14","298","05","303","00","298","01","01","01","01","01","01"
"36","SUCCESS","45","45","562","05","567","00","562","01","01","01","01","01","01"
"37","SUCCESS","29","29","932","559","1491","554","1486","01","01","01","01","01","01"
"38","SUCCESS","46","46","221","05","226","00","221","01","01","01","01","01","01"
"39","SUCCESS","32","32","540","05","545","00","540","01","01","01","01","01","01"
"40","SUCCESS","16","16","105","1392","1497","1387","1492","01","01","01","01","01","01"
"41","SUCCESS","23","23","654","395","1049","390","1044","01","01","01","01","01","01"
"42","SUCCESS","40","40","592","499","1091","494","1086","01","01","01","01","01","01"
"43","SUCCESS","24","24","741","1001","1742","996","1737","01","01","01","01","01","01"
"44","SUCCESS","22","22","765","05","770","00","765","01","01","01","01","01","01"
"45","SUCCESS","22","22","626","770","1396","765","1391","01","01","01","01","01","01"
"46","SUCCESS","45","45","435","567","1002","562","997","01","01","01","01","01","01"
"47","SUCCESS","10","10","795","05","800","00","795","01","01","01","01","01","01"
"48","SUCCESS","46","46","758","226","984","221","979","01","01","01","01","01","01"
"49","SUCCESS","16","16","373","1497","1870","1492","1865","01","01","01","01","01","01"
"50","SUCCESS","37","37","785","05","790","00","785","01","01","01","01","01","01"
"51","SUCCESS","08","08","524","05","529","00","524","01","01","01","01","01","01"
"52","SUCCESS","15","15","427","1615","2042","1610","2037","01","01","01","01","01","01"
"53","SUCCESS","46","46","717","984","1701","979","1696","01","01","01","01","01","01"
"54","SUCCESS","35","35","203","05","208","00","203","01","01","01","01","01","01"
"55","SUCCESS","33","33","335","05","340","00","335","01","01","01","01","01","01"
"56","SUCCESS","09","09","508","05","513","00","508","01","01","01","01","01","01"
"57","SUCCESS","20","20","489","05","494","00","489","01","01","01","01","01","01"
"58","SUCCESS","10","10","558","800","1358","795","1353","01","01","01","01","01","01"
"59","SUCCESS","19","19","275","05","280","00","275","01","01","01","01","01","01"
"60","SUCCESS","08","08","226","529","755","524","750","01","01","01","01","01","01"
"61","SUCCESS","30","30","243","05","248","00","243","01","01","01","01","01","01"
"62","SUCCESS","39","39","495","1520","2015","1515","2010","01","01","01","01","01","01"
"63","SUCCESS","41","41","611","05","616","00","611","01","01","01","01","01","01"
"64","SUCCESS","33","33","545","340","885","335","880","01","01","01","01","01","01"
"65","SUCCESS","32","32","679","545","1224","540","1219","01","01","01","01","01","01"
"66","SUCCESS","36","36","705","05","710","00","705","01","01","01","01","01","01"
"67","SUCCESS","21","21","676","05","681","00","676","01","01","01","01","01","01"
"68","SUCCESS","02","02","295","05","300","00","295","01","01","01","01","01","01"
"69","SUCCESS","14","14","693","303","996","298","991","01","01","01","01","01","01"
"70","Failure","15","15","703","2042","2745","2037","2740","01","01","01","01","01","01"
"71","SUCCESS","27","27","960","05","965","00","960","01","01","01","01","01","01"
"72","SUCCESS","35","35","471","208","679","203","674","01","01","01","01","01","01"
"73","SUCCESS","50","50","513","05","518","00","513","01","01","01","01","01","01"
"74","SUCCESS","09","09","708","513","1221","508","1216","01","01","01","01","01","01"
"75","SUCCESS","44","44","673","05","678","00","673","01","01","01","01","01","01"
"76","SUCCESS","17","17","693","491","1184","486","1179","01","01","01","01","01","01"
"77","SUCCESS","02","02","882","300","1182","295","1177","01","01","01","01","01","01"
"78","SUCCESS","49","49","685","554","1239","549","1234","01","01","01","01","01","01"
"79","SUCCESS","47","47","219","694","913","689","908","01","01","01","01","01","01"
"80","SUCCESS","03","03","549","05","554","00","549","01","01","01","01","01","01"
"81","SUCCESS","03","03","743","554","1297","549","1292","01","01","01","01","01","01"
"82","SUCCESS","04","04","385","05","390","00","385","01","01","01","01","01","01"
"83","SUCCESS","29","29","460","1491","1951","1486","1946","01","01","01","01","01","01"
"84","SUCCESS","28","28","340","424","764","419","759","01","01","01","01","01","01"
"85","SUCCESS","09","09","939","1221","2160","1216","2155","01","01","01","01","01","01"
"86","SUCCESS","30","30","208","248","456","243","451","01","01","01","01","01","01"
"87","SUCCESS","38","38","293","862","1155","857","1150","01","01","01","01","01","01"
"88","SUCCESS","30","30","808","456","1264","451","1259","01","01","01","01","01","01"
"89","SUCCESS","22","22","281","1396","1677","1391","1672","01","01","01","01","01","01"
"90","SUCCESS","43","43","721","1270","1991","1265","1986","01","01","01","01","01","01"
"91","SUCCESS","42","42","522","164","686","159","681","01","01","01","01","01","01"
"92","SUCCESS","33","33","584","885","1469","880","1464","01","01","01","01","01","01"
"93","SUCCESS","35","35","331","679","1010","674","1005","01","01","01","01","01","01"
"94","SUCCESS","02","02","722","1182","1904","1177","1899","01","01","01","01","01","01"
"95","SUCCESS","33","33","367","1469","1836","1464","1831","01","01","01","01","01","01"
"96","SUCCESS","49","49","467","1239","1706","1234","1701","01","01","01","01","01","01"
"97","SUCCESS","19","19","447","280","727","275","722","01","01","01","01","01","01"
"98","SUCCESS","20","20","977","494","1471","489","1466","01","01","01","01","01","01"
"99","SUCCESS","32","32","268","1224","1492","1219","1487","01","01","01","01","01","01"
"100","SUCCESS","32","32","360","1492","1852","1487","1847","01","01","01","01","01","01"
"101","SUCCESS","50","50","406","518","924","513","919","01","01","01","01","01","01"
"102","SUCCESS","51","51","459","05","464","00","459","01","01","01","01","01","01"
"103","SUCCESS","23","23","621","1049","1670","1044","1665","01","01","01","01","01","01"
"104","SUCCESS","26","26","498","499","997","494","992","01","01","01","01","01","01"
"105","Failure","06","06","509","1813","2322","1808","2317","01","01","01","01","01","01"
"106","SUCCESS","31","31","719","759","1478","754","1473","01","01","01","01","01","01"
"107","SUCCESS","13","13","1062","579","1641","574","1636","01","01","01","01","01","01"
"108","SUCCESS","20","20","490","1471","1961","1466","1956","01","01","01","01","01","01"
"109","Failure","15","15","1035","2745","3780","2740","3775","01","01","01","01","01","01"
"110","SUCCESS","36","36","286","710","996","705","991","01","01","01","01","01","01"
"111","SUCCESS","25","25","1027","405","1432","400","1427","01","01","01","01","01","01"
"112","SUCCESS","27","27","849","965","1814","960","1809","01","01","01","01","01","01"
"113","SUCCESS","28","28","549","764","1313","759","1308","01","01","01","01","01","01"
"114","SUCCESS","45","45","365","1002","1367","997","1362","01","01","01","01","01","01"
"115","Failure","22","22","1074","1677","2751","1672","2746","01","01","01","01","01","01"
"116","SUCCESS","19","19","551","727","1278","722","1273","01","01","01","01","01","01"
"117","SUCCESS","48","48","241","05","246","00","241","01","01","01","01","01","01"
"118","SUCCESS","46","46","478","1701","2179","1696","2174","01","01","01","01","01","01"
"119","SUCCESS","28","28","640","1313","1953","1308","1948","01","01","01","01","01","01"
"120","Failure","39","39","440","2015","2455","2010","2450","01","01","01","01","01","01"
"121","SUCCESS","34","34","319","1368","1687","1363","1682","01","01","01","01","01","01"
"122","SUCCESS","44","44","489","678","1167","673","1162","01","01","01","01","01","01"
"123","SUCCESS","34","34","293","1687","1980","1682","1975","01","01","01","01","01","01"
"124","Failure","32","32","406","1852","2258","1847","2253","01","01","01","01","01","01"
"125","Failure","20","20","743","1961","2704","1956","2699","01","01","01","01","01","01"
"126","Failure","34","34","1007","1980","2987","1975","2982","01","01","01","01","01","01"
"127","SUCCESS","12","12","792","397","1189","392","1184","01","01","01","01","01","01"
"128","Failure","46","46","227","2179","2406","2174","2401","01","01","01","01","01","01"
"129","Failure","23","23","801","1670","2471","1665","2466","01","01","01","01","01","01"
"130","SUCCESS","30","30","763","1264","2027","1259","2022","01","01","01","01","01","01"
"131","Failure","30","30","348","2027","2375","2022","2370","01","01","01","01","01","01"
"132","SUCCESS","36","36","269","996","1265","991","1260","01","01","01","01","01","01"
"133","Failure","29","29","384","1951","2335","1946","2330","01","01","01","01","01","01"
"134","SUCCESS","47","47","498","913","1411","908","1406","01","01","01","01","01","01"
"135","SUCCESS","19","19","307","1278","1585","1273","1580","01","01","01","01","01","01"
"136","SUCCESS","12","12","874","1189","2063","1184","2058","01","01","01","01","01","01"
"137","Failure","20","20","544","2704","3248","2699","3243","01","01","01","01","01","01"
"138","SUCCESS","51","51","786","464","1250","459","1245","01","01","01","01","01","01"
"139","Failure","22","22","501","2751","3252","2746","3247","01","01","01","01","01","01"
"140","Failure","47","47","849","1411","2260","1406","2255","01","01","01","01","01","01"
"141","SUCCESS","10","10","509","1358","1867","1353","1862","01","01","01","01","01","01"
"142","Failure","22","22","276","3252","3528","3247","3523","01","01","01","01","01","01"
"143","SUCCESS","18","18","377","05","382","00","377","01","01","01","01","01","01"
"144","SUCCESS","37","37","297","790","1087","785","1082","01","01","01","01","01","01"
"145","Failure","02","02","1090","1904","2994","1899","2989","01","01","01","01","01","01"
"146","SUCCESS","41","41","421","616","1037","611","1032","01","01","01","01","01","01"
"147","SUCCESS","51","51","698","1250","1948","1245","1943","01","01","01","01","01","01"
"148","Failure","24","24","759","1742","2501","1737","2496","01","01","01","01","01","01"
"149","Failure","47","47","726","2260","2986","2255","2981","01","01","01","01","01","01"
"150","Failure","22","22","447","3528","3975","3523","3970","01","01","01","01","01","01"
"151","SUCCESS","03","03","647","1297","1944","1292","1939","01","01","01","01","01","01"
"152","Failure","19","19","668","1585","2253","1580","2248","01","01","01","01","01","01"
"153","Failure","32","32","440","2258","2698","2253","2693","01","01","01","01","01","01"
"154","Failure","23","23","844","2471","3315","2466","3310","01","01","01","01","01","01"
"155","SUCCESS","42","42","623","686","1309","681","1304","01","01","01","01","01","01"
"156","SUCCESS","50","50","624","924","1548","919","1543","01","01","01","01","01","01"
"157","Failure","23","23","544","3315","3859","3310","3854","01","01","01","01","01","01"
"158","SUCCESS","38","38","414","1155","1569","1150","1564","01","01","01","01","01","01"
"159","Failure","39","39","759","2455","3214","2450","3209","01","01","01","01","01","01"
"160","SUCCESS","27","27","127","1814","1941","1809","1936","01","01","01","01","01","01"
"161","SUCCESS","11","11","759","05","764","00","759","01","01","01","01","01","01"
"162","Failure","12","12","613","2063","2676","2058","2671","01","01","01","01","01","01"
"163","Failure","46","46","409","2406","2815","2401","2810","01","01","01","01","01","01"
"164","Failure","39","39","128","3214","3342","3209","3337","01","01","01","01","01","01"
"165","Failure","13","13","559","1641","2200","1636","2195","01","01","01","01","01","01"
"166","Failure","47","47","654","2986","3640","2981","3635","01","01","01","01","01","01"
"167","Failure","32","32","132","2698","2830","2693","2825","01","01","01","01","01","01"
"168","SUCCESS","18","18","1028","382","1410","377","1405","01","01","01","01","01","01"
"169","SUCCESS","40","40","628","1091","1719","1086","1714","01","01","01","01","01","01"
"170","SUCCESS","41","41","439","1037","1476","1032","1471","01","01","01","01","01","01"
"171","Failure","46","46","467","2815","3282","2810","3277","01","01","01","01","01","01"
"172","Failure","40","40","774","1719","2493","1714","2488","01","01","01","01","01","01"
"173","Failure","51","51","733","1948","2681","1943","2676","01","01","01","01","01","01"
"174","Failure","47","47","703","3640","4343","3635","4338","01","01","01","01","01","01"
"175","SUCCESS","07","07","588","05","593","00","588","01","01","01","01","01","01"
"176","SUCCESS","44","44","761","1167","1928","1162","1923","01","01","01","01","01","01"
"177","SUCCESS","05","05","249","1676","1925","1671","1920","01","01","01","01","01","01"
"178","Failure","10","10","819","1867","2686","1862","2681","01","01","01","01","01","01"
"179","SUCCESS","21","21","605","681","1286","676","1281","01","01","01","01","01","01"
"180","Failure","49","49","547","1706","2253","1701","2248","01","01","01","01","01","01"
"181","Failure","28","28","571","1953","2524","1948","2519","01","01","01","01","01","01"
"182","SUCCESS","36","36","690","1265","1955","1260","1950","01","01","01","01","01","01"
"183","Failure","42","42","940","1309","2249","1304","2244","01","01","01","01","01","01"
"184","SUCCESS","07","07","737","593","1330","588","1325","01","01","01","01","01","01"
"185","Failure","16","16","493","1870","2363","1865","2358","01","01","01","01","01","01"
"186","Failure","24","24","419","2501","2920","2496","2915","01","01","01","01","01","01"
"187","Failure","15","15","262","3780","4042","3775","4037","01","01","01","01","01","01"
"188","Failure","34","34","852","2987","3839","2982","3834","01","01","01","01","01","01"
"189","Failure","23","23","900","3859","4759","3854","4754","01","01","01","01","01","01"
"190","Failure","46","46","361","3282","3643","3277","3638","01","01","01","01","01","01"
"191","Failure","21","21","920","1286","2206","1281","2201","01","01","01","01","01","01"
"192","Failure","24","24","619","2920","3539","2915","3534","01","01","01","01","01","01"
"193","SUCCESS","35","35","200","1010","1210","1005","1205","01","01","01","01","01","01"
"194","Failure","29","29","526","2335","2861","2330","2856","01","01","01","01","01","01"
"195","SUCCESS","38","38","617","1569","2186","1564","2181","01","01","01","01","01","01"
"196","Failure","03","03","879","1944","2823","1939","2818","01","01","01","01","01","01"
"197","SUCCESS","26","26","423","997","1420","992","1415","01","01","01","01","01","01"
"198","Failure","10","10","590","2686","3276","2681","3271","01","01","01","01","01","01"
"199","SUCCESS","26","26","516","1420","1936","1415","1931","01","01","01","01","01","01"
"200","Failure","46","46","314","3643","3957","3638","3952","01","01","01","01","01","01"
"201","Failure","03","03","682","2823","3505","2818","3500","01","01","01","01","01","01"
"202","Failure","47","47","881","4343","5224","4338","5219","01","01","01","01","01","01"
"203","Failure","27","27","790","1941","2731","1936","2726","01","01","01","01","01","01"
"204","Failure","49","49","234","2253","2487","2248","2482","01","01","01","01","01","01"
"205","SUCCESS","18","18","403","1410","1813","1405","1808","01","01","01","01","01","01"
"206","Failure","06","06","225","2322","2547","2317","2542","01","01","01","01","01","01"
"207","Failure","10","10","553","3276","3829","3271","3824","01","01","01","01","01","01"
"208","SUCCESS","04","04","563","390","953","385","948","01","01","01","01","01","01"
"209","Failure","16","16","519","2363","2882","2358","2877","01","01","01","01","01","01"
"210","Failure","42","42","452","2249","2701","2244","2696","01","01","01","01","01","01"
"211","Failure","03","03","739","3505","4244","3500","4239","01","01","01","01","01","01"
"212","Failure","30","30","573","2375","2948","2370","2943","01","01","01","01","01","01"
"213","Failure","09","09","806","2160","2966","2155","2961","01","01","01","01","01","01"
"214","Failure","30","30","219","2948","3167","2943","3162","01","01","01","01","01","01"
"215","Failure","43","43","444","1991","2435","1986","2430","01","01","01","01","01","01"
"216","Failure","19","19","851","2253","3104","2248","3099","01","01","01","01","01","01"
"217","Failure","43","43","416","2435","2851","2430","2846","01","01","01","01","01","01"
"218","SUCCESS","35","35","682","1210","1892","1205","1887","01","01","01","01","01","01"
"219","Failure","35","35","674","1892","2566","1887","2561","01","01","01","01","01","01"
"220","Failure","29","29","991","2861","3852","2856","3847","01","01","01","01","01","01"
"221","Failure","39","39","804","3342","4146","3337","4141","01","01","01","01","01","01"
"222","Failure","06","06","395","2547","2942","2542","2937","01","01","01","01","01","01"
"223","Failure","51","51","597","2681","3278","2676","3273","01","01","01","01","01","01"
"224","Failure","10","10","528","3829","4357","3824","4352","01","01","01","01","01","01"
"225","Failure","10","10","635","4357","4992","4352","4987","01","01","01","01","01","01"
"226","SUCCESS","41","41","633","1476","2109","1471","2104","01","01","01","01","01","01"
"227","Failure","29","29","227","3852","4079","3847","4074","01","01","01","01","01","01"
"228","SUCCESS","48","48","745","246","991","241","986","01","01","01","01","01","01"
"229","Failure","16","16","770","2882","3652","2877","3647","01","01","01","01","01","01"
"230","Failure","27","27","518","2731","3249","2726","3244","01","01","01","01","01","01"
"231","SUCCESS","07","07","339","1330","1669","1325","1664","01","01","01","01","01","01"
"232","SUCCESS","14","14","947","996","1943","991","1938","01","01","01","01","01","01"
"233","Failure","20","20","372","3248","3620","3243","3615","01","01","01","01","01","01"
"234","Failure","02","02","746","2994","3740","2989","3735","01","01","01","01","01","01"
"235","Failure","15","15","761","4042","4803","4037","4798","01","01","01","01","01","01"
"236","Failure","42","42","508","2701","3209","2696","3204","01","01","01","01","01","01"
"237","Failure","16","16","823","3652","4475","3647","4470","01","01","01","01","01","01"
"238","Failure","05","05","623","1925","2548","1920","2543","01","01","01","01","01","01"
"239","Failure","29","29","1018","4079","5097","4074","5092","01","01","01","01","01","01"
"240","Failure","35","35","990","2566","3556","2561","3551","01","01","01","01","01","01"
"241","Failure","49","49","475","2487","2962","2482","2957","01","01","01","01","01","01"
"242","SUCCESS","31","31","557","1478","2035","1473","2030","01","01","01","01","01","01"
"243","Failure","34","34","521","3839","4360","3834","4355","01","01","01","01","01","01"
"244","Failure","16","16","692","4475","5167","4470","5162","01","01","01","01","01","01"
"245","Failure","13","13","609","2200","2809","2195","2804","01","01","01","01","01","01"
"246","Failure","35","35","1063","3556","4619","3551","4614","01","01","01","01","01","01"
"247","SUCCESS","17","17","954","1184","2138","1179","2133","01","01","01","01","01","01"
"248","SUCCESS","48","48","189","991","1180","986","1175","01","01","01","01","01","01"
"249","Failure","16","16","1005","5167","6172","5162","6167","01","01","01","01","01","01"
"250","Failure","06","06","719","2942","3661","2937","3656","01","01","01","01","01","01"
"251","Failure","22","22","636","3975","4611","3970","4606","01","01","01","01","01","01"
"252","SUCCESS","37","37","500","1087","1587","1082","1582","01","01","01","01","01","01"
"253","Failure","09","09","357","2966","3323","2961","3318","01","01","01","01","01","01"
"254","Failure","47","47","538","5224","5762","5219","5757","01","01","01","01","01","01"
"255","Failure","51","51","361","3278","3639","3273","3634","01","01","01","01","01","01"
"256","Failure","15","15","605","4803","5408","4798","5403","01","01","01","01","01","01"
"257","Failure","12","12","545","2676","3221","2671","3216","01","01","01","01","01","01"
"258","Failure","06","06","577","3661","4238","3656","4233","01","01","01","01","01","01"
"259","Failure","09","09","488","3323","3811","3318","3806","01","01","01","01","01","01"
"260","Failure","39","39","290","4146","4436","4141","4431","01","01","01","01","01","01"
"261","SUCCESS","25","25","340","1432","1772","1427","1767","01","01","01","01","01","01"
"262","Failure","17","17","912","2138","3050","2133","3045","01","01","01","01","01","01"
"263","Failure","18","18","568","1813","2381","1808","2376","01","01","01","01","01","01"
"264","SUCCESS","04","04","808","953","1761","948","1756","01","01","01","01","01","01"
"265","Failure","27","27","562","3249","3811","3244","3806","01","01","01","01","01","01"
"266","SUCCESS","04","04","176","1761","1937","1756","1932","01","01","01","01","01","01"
"267","Failure","24","24","315","3539","3854","3534","3849","01","01","01","01","01","01"
"268","SUCCESS","11","11","551","764","1315","759","1310","01","01","01","01","01","01"
"269","Failure","05","05","569","2548","3117","2543","3112","01","01","01","01","01","01"
"270","Failure","22","22","575","4611","5186","4606","5181","01","01","01","01","01","01"
"271","Failure","02","02","978","3740","4718","3735","4713","01","01","01","01","01","01"
"272","Failure","41","41","679","2109","2788","2104","2783","01","01","01","01","01","01"
"273","Failure","04","04","1018","1937","2955","1932","2950","01","01","01","01","01","01"
"274","Failure","35","35","677","4619","5296","4614","5291","01","01","01","01","01","01"
"275","SUCCESS","25","25","306","1772","2078","1767","2073","01","01","01","01","01","01"
"276","Failure","13","13","633","2809","3442","2804","3437","01","01","01","01","01","01"
"277","Failure","47","47","589","5762","6351","5757","6346","01","01","01","01","01","01"
"278","Failure","13","13","494","3442","3936","3437","3931","01","01","01","01","01","01"
"279","SUCCESS","48","48","799","1180","1979","1175","1974","01","01","01","01","01","01"
"280","Failure","18","18","661","2381","3042","2376","3037","01","01","01","01","01","01"
"281","Failure","43","43","357","2851","3208","2846","3203","01","01","01","01","01","01"
"282","Failure","28","28","277","2524","2801","2519","2796","01","01","01","01","01","01"
"283","Failure","38","38","724","2186","2910","2181","2905","01","01","01","01","01","01"
"284","Failure","35","35","877","5296","6173","5291","6168","01","01","01","01","01","01"
"285","SUCCESS","11","11","614","1315","1929","1310","1924","01","01","01","01","01","01"
"286","SUCCESS","45","45","652","1367","2019","1362","2014","01","01","01","01","01","01"
"287","Failure","45","45","274","2019","2293","2014","2288","01","01","01","01","01","01"
"288","Failure","16","16","258","6172","6430","6167","6425","01","01","01","01","01","01"
"289","Failure","34","34","156","4360","4516","4355","4511","01","01","01","01","01","01"
"290","Failure","35","35","341","6173","6514","6168","6509","01","01","01","01","01","01"
"291","Failure","02","02","815","4718","5533","4713","5528","01","01","01","01","01","01"
"292","Failure","31","31","371","2035","2406","2030","2401","01","01","01","01","01","01"
"293","Failure","27","27","337","3811","4148","3806","4143","01","01","01","01","01","01"
"294","Failure","15","15","317","5408","5725","5403","5720","01","01","01","01","01","01"
"295","Failure","14","14","325","1943","2268","1938","2263","01","01","01","01","01","01"
"296","Failure","24","24","629","3854","4483","3849","4478","01","01","01","01","01","01"
"297","Failure","42","42","663","3209","3872","3204","3867","01","01","01","01","01","01"
"298","Failure","50","50","789","1548","2337","1543","2332","01","01","01","01","01","01"
"299","Failure","48","48","377","1979","2356","1974","2351","01","01","01","01","01","01"
"300","Failure","50","50","63","2337","2400","2332","2395","01","01","01","01","01","01"
"301","SUCCESS","33","33","203","1836","2039","1831","2034","01","01","01","01","01","01"
"302","Failure","40","40","669","2493","3162","2488","3157","01","01","01","01","01","01"
"303","Failure","27","27","718","4148","4866","4143","4861","01","01","01","01","01","01"
"304","Failure","03","03","978","4244","5222","4239","5217","01","01","01","01","01","01"
"305","Failure","36","36","880","1955","2835","1950","2830","01","01","01","01","01","01"
"306","Failure","41","41","306","2788","3094","2783","3089","01","01","01","01","01","01"
"307","Failure","29","29","527","5097","5624","5092","5619","01","01","01","01","01","01"
"308","Failure","29","29","551","5624","6175","5619","6170","01","01","01","01","01","01"
"309","Failure","46","46","152","3957","4109","3952","4104","01","01","01","01","01","01"
"310","Failure","16","16","187","6430","6617","6425","6612","01","01","01","01","01","01"
"311","Failure","16","16","763","6617","7380","6612","7375","01","01","01","01","01","01"
"312","Failure","51","51","294","3639","3933","3634","3928","01","01","01","01","01","01"
"313","Failure","47","47","992","6351","7343","6346","7338","01","01","01","01","01","01"
"314","Failure","29","29","477","6175","6652","6170","6647","01","01","01","01","01","01"
"315","Failure","19","19","630","3104","3734","3099","3729","01","01","01","01","01","01"
"316","SUCCESS","07","07","214","1669","1883","1664","1878","01","01","01","01","01","01"
"317","Failure","11","11","702","1929","2631","1924","2626","01","01","01","01","01","01"
"318","Failure","05","05","659","3117","3776","3112","3771","01","01","01","01","01","01"
"319","Failure","25","25","566","2078","2644","2073","2639","01","01","01","01","01","01"
"320","Failure","25","25","147","2644","2791","2639","2786","01","01","01","01","01","01"
"321","Failure","06","06","508","4238","4746","4233","4741","01","01","01","01","01","01"
"322","Failure","20","20","672","3620","4292","3615","4287","01","01","01","01","01","01"
"323","Failure","38","38","501","2910","3411","2905","3406","01","01","01","01","01","01"
"324","Failure","32","32","670","2830","3500","2825","3495","01","01","01","01","01","01"
"325","Failure","16","16","686","7380","8066","7375","8061","01","01","01","01","01","01"
"326","Failure","42","42","525","3872","4397","3867","4392","01","01","01","01","01","01"
"327","Failure","36","36","242","2835","3077","2830","3072","01","01","01","01","01","01"
"328","Failure","30","30","567","3167","3734","3162","3729","01","01","01","01","01","01"
"329","Failure","42","42","535","4397","4932","4392","4927","01","01","01","01","01","01"
"330","Failure","39","39","890","4436","5326","4431","5321","01","01","01","01","01","01"
"331","Failure","47","47","441","7343","7784","7338","7779","01","01","01","01","01","01"
"332","Failure","43","43","292","3208","3500","3203","3495","01","01","01","01","01","01"
"333","Failure","36","36","635","3077","3712","3072","3707","01","01","01","01","01","01"
"334","Failure","26","26","265","1936","2201","1931","2196","01","01","01","01","01","01"
"335","Failure","41","41","252","3094","3346","3089","3341","01","01","01","01","01","01"
"336","Failure","35","35","296","6514","6810","6509","6805","01","01","01","01","01","01"
"337","Failure","23","23","687","4759","5446","4754","5441","01","01","01","01","01","01"
"338","Failure","39","39","637","5326","5963","5321","5958","01","01","01","01","01","01"
"339","Failure","29","29","932","6652","7584","6647","7579","01","01","01","01","01","01"
"340","Failure","49","49","636","2962","3598","2957","3593","01","01","01","01","01","01"
"341","Failure","21","21","657","2206","2863","2201","2858","01","01","01","01","01","01"
"342","Failure","50","50","370","2400","2770","2395","2765","01","01","01","01","01","01"
"343","Failure","32","32","197","3500","3697","3495","3692","01","01","01","01","01","01"
"344","Failure","48","48","846","2356","3202","2351","3197","01","01","01","01","01","01"
"345","Failure","03","03","142","5222","5364","5217","5359","01","01","01","01","01","01"
"346","Failure","30","30","519","3734","4253","3729","4248","01","01","01","01","01","01"
"347","Failure","05","05","752","3776","4528","3771","4523","01","01","01","01","01","01"
"348","Failure","40","40","464","3162","3626","3157","3621","01","01","01","01","01","01"
"349","Failure","20","20","500","4292","4792","4287","4787","01","01","01","01","01","01"
"350","Failure","13","13","550","3936","4486","3931","4481","01","01","01","01","01","01"
"351","Failure","46","46","602","4109","4711","4104","4706","01","01","01","01","01","01"
"352","Failure","06","06","637","4746","5383","4741","5378","01","01","01","01","01","01"
"353","Failure","30","30","810","4253","5063","4248","5058","01","01","01","01","01","01"
"354","Failure","13","13","414","4486","4900","4481","4895","01","01","01","01","01","01"
"355","Failure","49","49","968","3598","4566","3593","4561","01","01","01","01","01","01"
"356","Failure","22","22","785","5186","5971","5181","5966","01","01","01","01","01","01"
"357","Failure","25","25","754","2791","3545","2786","3540","01","01","01","01","01","01"
"358","Failure","20","20","1039","4792","5831","4787","5826","01","01","01","01","01","01"
"359","Failure","02","02","583","5533","6116","5528","6111","01","01","01","01","01","01"
"360","Failure","17","17","419","3050","3469","3045","3464","01","01","01","01","01","01"
"361","Failure","46","46","708","4711","5419","4706","5414","01","01","01","01","01","01"
"362","Failure","30","30","333","5063","5396","5058","5391","01","01","01","01","01","01"
"363","Failure","29","29","340","7584","7924","7579","7919","01","01","01","01","01","01"
"364","Failure","18","18","306","3042","3348","3037","3343","01","01","01","01","01","01"
"365","Failure","03","03","146","5364","5510","5359","5505","01","01","01","01","01","01"
"366","Failure","44","44","692","1928","2620","1923","2615","01","01","01","01","01","01"
"367","Failure","15","15","273","5725","5998","5720","5993","01","01","01","01","01","01"
"368","Failure","42","42","1079","4932","6011","4927","6006","01","01","01","01","01","01"
"369","Failure","11","11","401","2631","3032","2626","3027","01","01","01","01","01","01"
"370","Failure","16","16","320","8066","8386","8061","8381","01","01","01","01","01","01"
"371","Failure","29","29","421","7924","8345","7919","8340","01","01","01","01","01","01"
"372","Failure","12","12","467","3221","3688","3216","3683","01","01","01","01","01","01"
"373","Failure","29","29","693","8345","9038","8340","9033","01","01","01","01","01","01"
"374","Failure","04","04","799","2955","3754","2950","3749","01","01","01","01","01","01"
"375","Failure","37","37","705","1587","2292","1582","2287","01","01","01","01","01","01"
"376","Failure","34","34","394","4516","4910","4511","4905","01","01","01","01","01","01"
"377","Failure","24","24","141","4483","4624","4478","4619","01","01","01","01","01","01"
"378","Failure","14","14","428","2268","2696","2263","2691","01","01","01","01","01","01"
"379","Failure","42","42","731","6011","6742","6006","6737","01","01","01","01","01","01"
"380","Failure","27","27","228","4866","5094","4861","5089","01","01","01","01","01","01"
"381","Failure","10","10","760","4992","5752","4987","5747","01","01","01","01","01","01"
"382","Failure","35","35","613","6810","7423","6805","7418","01","01","01","01","01","01"
"383","Failure","22","22","369","5971","6340","5966","6335","01","01","01","01","01","01"
"384","Failure","42","42","751","6742","7493","6737","7488","01","01","01","01","01","01"
"385","Failure","21","21","515","2863","3378","2858","3373","01","01","01","01","01","01"
"386","Failure","23","23","623","5446","6069","5441","6064","01","01","01","01","01","01"
"387","Failure","16","16","936","8386","9322","8381","9317","01","01","01","01","01","01"
"388","Failure","45","45","787","2293","3080","2288","3075","01","01","01","01","01","01"
"389","Failure","40","40","885","3626","4511","3621","4506","01","01","01","01","01","01"
"390","Failure","16","16","846","9322","10168","9317","10163","01","01","01","01","01","01"
"391","Failure","12","12","236","3688","3924","3683","3919","01","01","01","01","01","01"
"392","Failure","15","15","781","5998","6779","5993","6774","01","01","01","01","01","01"
"393","Failure","11","11","618","3032","3650","3027","3645","01","01","01","01","01","01"
"394","Failure","23","23","675","6069","6744","6064","6739","01","01","01","01","01","01"
"395","Failure","17","17","305","3469","3774","3464","3769","01","01","01","01","01","01"
"396","Failure","06","06","830","5383","6213","5378","6208","01","01","01","01","01","01"
"397","Failure","47","47","689","7784","8473","7779","8468","01","01","01","01","01","01"
"398","SUCCESS","08","08","567","755","1322","750","1317","01","01","01","01","01","01"
"399","Failure","11","11","157","3650","3807","3645","3802","01","01","01","01","01","01"
"400","Failure","03","03","581","5510","6091","5505","6086","01","01","01","01","01","01"
"401","Failure","13","13","224","4900","5124","4895","5119","01","01","01","01","01","01"
"402","Failure","09","09","568","3811","4379","3806","4374","01","01","01","01","01","01"
"403","Failure","15","15","466","6779","7245","6774","7240","01","01","01","01","01","01"
"404","Failure","49","49","733","4566","5299","4561","5294","01","01","01","01","01","01"
"405","Failure","45","45","523","3080","3603","3075","3598","01","01","01","01","01","01"
"406","Failure","44","44","249","2620","2869","2615","2864","01","01","01","01","01","01"
"407","Failure","07","07","433","1883","2316","1878","2311","01","01","01","01","01","01"
"408","Failure","11","11","494","3807","4301","3802","4296","01","01","01","01","01","01"
"409","Failure","18","18","764","3348","4112","3343","4107","01","01","01","01","01","01"
"410","Failure","05","05","353","4528","4881","4523","4876","01","01","01","01","01","01"
"411","Failure","41","41","801","3346","4147","3341","4142","01","01","01","01","01","01"
"412","Failure","44","44","650","2869","3519","2864","3514","01","01","01","01","01","01"
"413","Failure","45","45","820","3603","4423","3598","4418","01","01","01","01","01","01"
"414","Failure","43","43","568","3500","4068","3495","4063","01","01","01","01","01","01"
"415","Failure","41","41","687","4147","4834","4142","4829","01","01","01","01","01","01"
"416","Failure","17","17","667","3774","4441","3769","4436","01","01","01","01","01","01"
"417","Failure","18","18","566","4112","4678","4107","4673","01","01","01","01","01","01"
"418","Failure","31","31","561","2406","2967","2401","2962","01","01","01","01","01","01"
"419","Failure","35","35","249","7423","7672","7418","7667","01","01","01","01","01","01"
"420","Failure","47","47","575","8473","9048","8468","9043","01","01","01","01","01","01"
"421","Failure","39","39","628","5963","6591","5958","6586","01","01","01","01","01","01"
"422","Failure","36","36","618","3712","4330","3707","4325","01","01","01","01","01","01"
"423","Failure","14","14","57","2696","2753","2691","2748","01","01","01","01","01","01"
"424","Failure","51","51","473","3933","4406","3928","4401","01","01","01","01","01","01"
"425","Failure","50","50","490","2770","3260","2765","3255","01","01","01","01","01","01"
"426","Failure","44","44","384","3519","3903","3514","3898","01","01","01","01","01","01"
"427","Failure","07","07","706","2316","3022","2311","3017","01","01","01","01","01","01"
"428","Failure","18","18","828","4678","5506","4673","5501","01","01","01","01","01","01"
"429","Failure","44","44","218","3903","4121","3898","4116","01","01","01","01","01","01"
"430","Failure","19","19","568","3734","4302","3729","4297","01","01","01","01","01","01"
"431","Failure","50","50","393","3260","3653","3255","3648","01","01","01","01","01","01"
"432","Failure","09","09","680","4379","5059","4374","5054","01","01","01","01","01","01"
"433","Failure","23","23","711","6744","7455","6739","7450","01","01","01","01","01","01"
"434","Failure","20","20","606","5831","6437","5826","6432","01","01","01","01","01","01"
"435","Failure","26","26","618","2201","2819","2196","2814","01","01","01","01","01","01"
"436","Failure","40","40","636","4511","5147","4506","5142","01","01","01","01","01","01"
"437","Failure","09","09","120","5059","5179","5054","5174","01","01","01","01","01","01"
"438","Failure","17","17","1061","4441","5502","4436","5497","01","01","01","01","01","01"
"439","Failure","30","30","883","5396","6279","5391","6274","01","01","01","01","01","01"
"440","Failure","25","25","609","3545","4154","3540","4149","01","01","01","01","01","01"
"441","Failure","04","04","560","3754","4314","3749","4309","01","01","01","01","01","01"
"442","Failure","17","17","959","5502","6461","5497","6456","01","01","01","01","01","01"
"443","Failure","07","07","453","3022","3475","3017","3470","01","01","01","01","01","01"
"444","Failure","24","24","404","4624","5028","4619","5023","01","01","01","01","01","01"
"445","Failure","26","26","307","2819","3126","2814","3121","01","01","01","01","01","01"
"446","Failure","48","48","736","3202","3938","3197","3933","01","01","01","01","01","01"
"447","Failure","41","41","502","4834","5336","4829","5331","01","01","01","01","01","01"
"448","Failure","16","16","696","10168","10864","10163","10859","01","01","01","01","01","01"
"449","Failure","51","51","460","4406","4866","4401","4861","01","01","01","01","01","01"
"450","Failure","05","05","583","4881","5464","4876","5459","01","01","01","01","01","01"
"451","Failure","43","43","796","4068","4864","4063","4859","01","01","01","01","01","01"
"452","Failure","47","47","643","9048","9691","9043","9686","01","01","01","01","01","01"
"453","Failure","34","34","906","4910","5816","4905","5811","01","01","01","01","01","01"
"454","Failure","35","35","801","7672","8473","7667","8468","01","01","01","01","01","01"
"455","Failure","31","31","482","2967","3449","2962","3444","01","01","01","01","01","01"
"456","Failure","26","26","731","3126","3857","3121","3852","01","01","01","01","01","01"
"457","Failure","47","47","700","9691","10391","9686","10386","01","01","01","01","01","01"
"458","Failure","42","42","691","7493","8184","7488","8179","01","01","01","01","01","01"
"459","Failure","05","05","858","5464","6322","5459","6317","01","01","01","01","01","01"
"460","Failure","35","35","202","8473","8675","8468","8670","01","01","01","01","01","01"
"461","Failure","34","34","1019","5816","6835","5811","6830","01","01","01","01","01","01"
"462","Failure","46","46","630","5419","6049","5414","6044","01","01","01","01","01","01"
"463","Failure","44","44","461","4121","4582","4116","4577","01","01","01","01","01","01"
"464","Failure","14","14","759","2753","3512","2748","3507","01","01","01","01","01","01"
"465","Failure","41","41","873","5336","6209","5331","6204","01","01","01","01","01","01"
"466","Failure","44","44","921","4582","5503","4577","5498","01","01","01","01","01","01"
"467","Failure","35","35","504","8675","9179","8670","9174","01","01","01","01","01","01"
"468","Failure","32","32","625","3697","4322","3692","4317","01","01","01","01","01","01"
"469","Failure","24","24","750","5028","5778","5023","5773","01","01","01","01","01","01"
"470","Failure","21","21","609","3378","3987","3373","3982","01","01","01","01","01","01"
"471","Failure","38","38","158","3411","3569","3406","3564","01","01","01","01","01","01"
"472","Failure","51","51","801","4866","5667","4861","5662","01","01","01","01","01","01"
"473","Failure","41","41","485","6209","6694","6204","6689","01","01","01","01","01","01"
"474","Failure","03","03","444","6091","6535","6086","6530","01","01","01","01","01","01"
"475","Failure","17","17","819","6461","7280","6456","7275","01","01","01","01","01","01"
"476","SUCCESS","08","08","609","1322","1931","1317","1926","01","01","01","01","01","01"
"477","Failure","45","45","650","4423","5073","4418","5068","01","01","01","01","01","01"
"478","Failure","42","42","903","8184","9087","8179","9082","01","01","01","01","01","01"
"479","Failure","45","45","852","5073","5925","5068","5920","01","01","01","01","01","01"
"480","Failure","32","32","489","4322","4811","4317","4806","01","01","01","01","01","01"
"481","Failure","26","26","767","3857","4624","3852","4619","01","01","01","01","01","01"
"482","Failure","39","39","724","6591","7315","6586","7310","01","01","01","01","01","01"
"483","Failure","12","12","289","3924","4213","3919","4208","01","01","01","01","01","01"
"484","Failure","49","49","654","5299","5953","5294","5948","01","01","01","01","01","01"
"485","Failure","34","34","409","6835","7244","6830","7239","01","01","01","01","01","01"
"486","Failure","44","44","722","5503","6225","5498","6220","01","01","01","01","01","01"
"487","Failure","04","04","540","4314","4854","4309","4849","01","01","01","01","01","01"
"488","Failure","49","49","1038","5953","6991","5948","6986","01","01","01","01","01","01"
"489","Failure","46","46","536","6049","6585","6044","6580","01","01","01","01","01","01"
"490","Failure","07","07","385","3475","3860","3470","3855","01","01","01","01","01","01"
"491","Failure","14","14","907","3512","4419","3507","4414","01","01","01","01","01","01"
"492","Failure","09","09","790","5179","5969","5174","5964","01","01","01","01","01","01"
"493","Failure","29","29","411","9038","9449","9033","9444","01","01","01","01","01","01"
"494","Failure","31","31","754","3449","4203","3444","4198","01","01","01","01","01","01"
"495","Failure","42","42","568","9087","9655","9082","9650","01","01","01","01","01","01"
"496","Failure","05","05","736","6322","7058","6317","7053","01","01","01","01","01","01"
"497","Failure","14","14","290","4419","4709","4414","4704","01","01","01","01","01","01"
"498","Failure","10","10","453","5752","6205","5747","6200","01","01","01","01","01","01"
"499","Failure","47","47","918","10391","11309","10386","11304","01","01","01","01","01","01"
"500","Failure","13","13","757","5124","5881","5119","5876","01","01","01","01","01","01"
"501","Failure","21","21","522","3987","4509","3982","4504","01","01","01","01","01","01"
"502","Failure","28","28","746","2801","3547","2796","3542","01","01","01","01","01","01"
"503","Failure","06","06","698","6213","6911","6208","6906","01","01","01","01","01","01"
"504","Failure","31","31","713","4203","4916","4198","4911","01","01","01","01","01","01"
"505","Failure","21","21","315","4509","4824","4504","4819","01","01","01","01","01","01"
"506","Failure","30","30","625","6279","6904","6274","6899","01","01","01","01","01","01"
"507","Failure","28","28","303","3547","3850","3542","3845","01","01","01","01","01","01"
"508","Failure","47","47","431","11309","11740","11304","11735","01","01","01","01","01","01"
"509","Failure","07","07","920","3860","4780","3855","4775","01","01","01","01","01","01"
"510","Failure","09","09","422","5969","6391","5964","6386","01","01","01","01","01","01"
"511","Failure","15","15","887","7245","8132","7240","8127","01","01","01","01","01","01"
"512","Failure","34","34","706","7244","7950","7239","7945","01","01","01","01","01","01"
"513","Failure","18","18","499","5506","6005","5501","6000","01","01","01","01","01","01"
"514","Failure","49","49","760","6991","7751","6986","7746","01","01","01","01","01","01"
"515","Failure","45","45","999","5925","6924","5920","6919","01","01","01","01","01","01"
"516","Failure","37","37","571","2292","2863","2287","2858","01","01","01","01","01","01"
"517","Failure","15","15","375","8132","8507","8127","8502","01","01","01","01","01","01"
"518","Failure","04","04","567","4854","5421","4849","5416","01","01","01","01","01","01"
"519","Failure","45","45","905","6924","7829","6919","7824","01","01","01","01","01","01"
"520","Failure","35","35","95","9179","9274","9174","9269","01","01","01","01","01","01"
"521","Failure","51","51","714","5667","6381","5662","6376","01","01","01","01","01","01"
"522","Failure","41","41","303","6694","6997","6689","6992","01","01","01","01","01","01"
"523","Failure","43","43","458","4864","5322","4859","5317","01","01","01","01","01","01"
"524","Failure","21","21","584","4824","5408","4819","5403","01","01","01","01","01","01"
"525","Failure","44","44","171","6225","6396","6220","6391","01","01","01","01","01","01"
"526","Failure","05","05","461","7058","7519","7053","7514","01","01","01","01","01","01"
"527","Failure","33","33","1005","2039","3044","2034","3039","01","01","01","01","01","01"
"528","Failure","20","20","478","6437","6915","6432","6910","01","01","01","01","01","01"
"529","Failure","35","35","859","9274","10133","9269","10128","01","01","01","01","01","01"
"530","Failure","35","35","834","10133","10967","10128","10962","01","01","01","01","01","01"
"531","Failure","05","05","367","7519","7886","7514","7881","01","01","01","01","01","01"
"532","Failure","07","07","530","4780","5310","4775","5305","01","01","01","01","01","01"
"533","Failure","41","41","551","6997","7548","6992","7543","01","01","01","01","01","01"
"534","Failure","34","34","1046","7950","8996","7945","8991","01","01","01","01","01","01"
"535","Failure","11","11","822","4301","5123","4296","5118","01","01","01","01","01","01"
"536","Failure","35","35","500","10967","11467","10962","11462","01","01","01","01","01","01"
"537","Failure","24","24","705","5778","6483","5773","6478","01","01","01","01","01","01"
"538","Failure","08","08","537","1931","2468","1926","2463","01","01","01","01","01","01"
"539","Failure","32","32","322","4811","5133","4806","5128","01","01","01","01","01","01"
"540","Failure","25","25","703","4154","4857","4149","4852","01","01","01","01","01","01"
"541","Failure","04","04","249","5421","5670","5416","5665","01","01","01","01","01","01"
"542","Failure","43","43","375","5322","5697","5317","5692","01","01","01","01","01","01"
"543","Failure","13","13","1005","5881","6886","5876","6881","01","01","01","01","01","01"
"544","Failure","07","07","926","5310","6236","5305","6231","01","01","01","01","01","01"
"545","Failure","30","30","311","6904","7215","6899","7210","01","01","01","01","01","01"
"546","Failure","30","30","817","7215","8032","7210","8027","01","01","01","01","01","01"
"547","Failure","44","44","992","6396","7388","6391","7383","01","01","01","01","01","01"
"548","Failure","15","15","229","8507","8736","8502","8731","01","01","01","01","01","01"
"549","Failure","04","04","695","5670","6365","5665","6360","01","01","01","01","01","01"
"550","Failure","15","15","865","8736","9601","8731","9596","01","01","01","01","01","01"
"551","Failure","02","02","359","6116","6475","6111","6470","01","01","01","01","01","01"
"552","Failure","22","22","776","6340","7116","6335","7111","01","01","01","01","01","01"
"553","Failure","34","34","325","8996","9321","8991","9316","01","01","01","01","01","01"
"554","Failure","46","46","944","6585","7529","6580","7524","01","01","01","01","01","01"
"555","Failure","25","25","651","4857","5508","4852","5503","01","01","01","01","01","01"
"556","Failure","16","16","838","10864","11702","10859","11697","01","01","01","01","01","01"
"557","Failure","27","27","719","5094","5813","5089","5808","01","01","01","01","01","01"
"558","Failure","09","09","463","6391","6854","6386","6849","01","01","01","01","01","01"
"559","Failure","21","21","421","5408","5829","5403","5824","01","01","01","01","01","01"
"560","Failure","50","50","670","3653","4323","3648","4318","01","01","01","01","01","01"
"561","Failure","09","09","655","6854","7509","6849","7504","01","01","01","01","01","01"
"562","Failure","37","37","931","2863","3794","2858","3789","01","01","01","01","01","01"
"563","Failure","14","14","241","4709","4950","4704","4945","01","01","01","01","01","01"
"564","Failure","28","28","152","3850","4002","3845","3997","01","01","01","01","01","01"
"565","Failure","21","21","556","5829","6385","5824","6380","01","01","01","01","01","01"
"566","Failure","08","08","593","2468","3061","2463","3056","01","01","01","01","01","01"
"567","Failure","04","04","631","6365","6996","6360","6991","01","01","01","01","01","01"
"568","Failure","23","23","853","7455","8308","7450","8303","01","01","01","01","01","01"
"569","Failure","32","32","289","5133","5422","5128","5417","01","01","01","01","01","01"
"570","Failure","33","33","647","3044","3691","3039","3686","01","01","01","01","01","01"
"571","Failure","32","32","519","5422","5941","5417","5936","01","01","01","01","01","01"
"572","Failure","41","41","833","7548","8381","7543","8376","01","01","01","01","01","01"
"573","Failure","17","17","340","7280","7620","7275","7615","01","01","01","01","01","01"
"574","Failure","34","34","572","9321","9893","9316","9888","01","01","01","01","01","01"
"575","Failure","27","27","629","5813","6442","5808","6437","01","01","01","01","01","01"
"576","Failure","44","44","655","7388","8043","7383","8038","01","01","01","01","01","01"
"577","Failure","11","11","669","5123","5792","5118","5787","01","01","01","01","01","01"
"578","Failure","33","33","697","3691","4388","3686","4383","01","01","01","01","01","01"
"579","Failure","35","35","528","11467","11995","11462","11990","01","01","01","01","01","01"
"580","Failure","21","21","68","6385","6453","6380","6448","01","01","01","01","01","01"
"581","Failure","24","24","792","6483","7275","6478","7270","01","01","01","01","01","01"
"582","Failure","46","46","391","7529","7920","7524","7915","01","01","01","01","01","01"
"583","Failure","37","37","379","3794","4173","3789","4168","01","01","01","01","01","01"
"584","Failure","40","40","679","5147","5826","5142","5821","01","01","01","01","01","01"
"585","Failure","07","07","285","6236","6521","6231","6516","01","01","01","01","01","01"
"586","Failure","27","27","428","6442","6870","6437","6865","01","01","01","01","01","01"
"587","Failure","43","43","467","5697","6164","5692","6159","01","01","01","01","01","01"
"588","Failure","32","32","509","5941","6450","5936","6445","01","01","01","01","01","01"
"589","Failure","13","13","430","6886","7316","6881","7311","01","01","01","01","01","01"
"590","Failure","40","40","791","5826","6617","5821","6612","01","01","01","01","01","01"
"591","Failure","50","50","982","4323","5305","4318","5300","01","01","01","01","01","01"
"592","Failure","29","29","319","9449","9768","9444","9763","01","01","01","01","01","01"
"593","Failure","28","28","667","4002","4669","3997","4664","01","01","01","01","01","01"
"594","Failure","18","18","746","6005","6751","6000","6746","01","01","01","01","01","01"
"595","Failure","20","20","272","6915","7187","6910","7182","01","01","01","01","01","01"
"596","Failure","44","44","601","8043","8644","8038","8639","01","01","01","01","01","01"
"597","Failure","50","50","759","5305","6064","5300","6059","01","01","01","01","01","01"
"598","Failure","14","14","994","4950","5944","4945","5939","01","01","01","01","01","01"
"599","Failure","47","47","897","11740","12637","11735","12632","01","01","01","01","01","01"
"600","Failure","30","30","95","8032","8127","8027","8122","01","01","01","01","01","01"
"601","Failure","10","10","368","6205","6573","6200","6568","01","01","01","01","01","01"
"602","Failure","46","46","990","7920","8910","7915","8905","01","01","01","01","01","01"
"603","Failure","29","29","439","9768","10207","9763","10202","01","01","01","01","01","01"
"604","Failure","51","51","655","6381","7036","6376","7031","01","01","01","01","01","01"
"605","Failure","15","15","338","9601","9939","9596","9934","01","01","01","01","01","01"
"606","Failure","07","07","752","6521","7273","6516","7268","01","01","01","01","01","01"
"607","Failure","07","07","330","7273","7603","7268","7598","01","01","01","01","01","01"
"608","Failure","04","04","754","6996","7750","6991","7745","01","01","01","01","01","01"
"609","Failure","43","43","700","6164","6864","6159","6859","01","01","01","01","01","01"
"610","Failure","43","43","421","6864","7285","6859","7280","01","01","01","01","01","01"
"611","Failure","10","10","848","6573","7421","6568","7416","01","01","01","01","01","01"
"612","Failure","51","51","150","7036","7186","7031","7181","01","01","01","01","01","01"
"613","Failure","07","07","504","7603","8107","7598","8102","01","01","01","01","01","01"
"614","Failure","10","10","804","7421","8225","7416","8220","01","01","01","01","01","01"
"615","Failure","22","22","828","7116","7944","7111","7939","01","01","01","01","01","01"
"616","Failure","51","51","251","7186","7437","7181","7432","01","01","01","01","01","01"
"617","Failure","11","11","266","5792","6058","5787","6053","01","01","01","01","01","01"
"618","Failure","51","51","582","7437","8019","7432","8014","01","01","01","01","01","01"
"619","Failure","27","27","492","6870","7362","6865","7357","01","01","01","01","01","01"
"620","Failure","07","07","493","8107","8600","8102","8595","01","01","01","01","01","01"
"621","Failure","38","38","664","3569","4233","3564","4228","01","01","01","01","01","01"
"622","Failure","46","46","409","8910","9319","8905","9314","01","01","01","01","01","01"
"623","Failure","02","02","530","6475","7005","6470","7000","01","01","01","01","01","01"
"624","Failure","10","10","311","8225","8536","8220","8531","01","01","01","01","01","01"
"625","Failure","07","07","418","8600","9018","8595","9013","01","01","01","01","01","01"
"626","Failure","48","48","992","3938","4930","3933","4925","01","01","01","01","01","01"
"627","Failure","10","10","263","8536","8799","8531","8794","01","01","01","01","01","01"
"628","Failure","11","11","511","6058","6569","6053","6564","01","01","01","01","01","01"
"629","Failure","32","32","617","6450","7067","6445","7062","01","01","01","01","01","01"
"630","Failure","34","34","797","9893","10690","9888","10685","01","01","01","01","01","01"
"631","Failure","07","07","409","9018","9427","9013","9422","01","01","01","01","01","01"
"632","Failure","07","07","315","9427","9742","9422","9737","01","01","01","01","01","01"
"633","Failure","49","49","811","7751","8562","7746","8557","01","01","01","01","01","01"
"634","Failure","47","47","493","12637","13130","12632","13125","01","01","01","01","01","01"
"635","Failure","20","20","475","7187","7662","7182","7657","01","01","01","01","01","01"
"636","Failure","27","27","864","7362","8226","7357","8221","01","01","01","01","01","01"
"637","Failure","27","27","726","8226","8952","8221","8947","01","01","01","01","01","01"
"638","Failure","40","40","215","6617","6832","6612","6827","01","01","01","01","01","01"
"639","Failure","19","19","1059","4302","5361","4297","5356","01","01","01","01","01","01"
"640","Failure","35","35","128","11995","12123","11990","12118","01","01","01","01","01","01"
"641","Failure","28","28","645","4669","5314","4664","5309","01","01","01","01","01","01"
"642","Failure","31","31","923","4916","5839","4911","5834","01","01","01","01","01","01"
"643","Failure","27","27","1086","8952","10038","8947","10033","01","01","01","01","01","01"
"644","Failure","39","39","365","7315","7680","7310","7675","01","01","01","01","01","01"
"645","Failure","12","12","894","4213","5107","4208","5102","01","01","01","01","01","01"
"646","Failure","49","49","416","8562","8978","8557","8973","01","01","01","01","01","01"
"647","Failure","36","36","1038","4330","5368","4325","5363","01","01","01","01","01","01"
"648","Failure","47","47","415","13130","13545","13125","13540","01","01","01","01","01","01"
"649","Failure","12","12","779","5107","5886","5102","5881","01","01","01","01","01","01"
"650","Failure","24","24","315","7275","7590","7270","7585","01","01","01","01","01","01"
"651","Failure","06","06","347","6911","7258","6906","7253","01","01","01","01","01","01"
"652","Failure","41","41","625","8381","9006","8376","9001","01","01","01","01","01","01"
"653","Failure","06","06","372","7258","7630","7253","7625","01","01","01","01","01","01"
"654","Failure","47","47","486","13545","14031","13540","14026","01","01","01","01","01","01"
"655","Failure","05","05","895","7886","8781","7881","8776","01","01","01","01","01","01"
"656","Failure","34","34","661","10690","11351","10685","11346","01","01","01","01","01","01"
"657","Failure","42","42","571","9655","10226","9650","10221","01","01","01","01","01","01"
"658","Failure","25","25","465","5508","5973","5503","5968","01","01","01","01","01","01"
"659","Failure","17","17","198","7620","7818","7615","7813","01","01","01","01","01","01"
"660","Failure","07","07","544","9742","10286","9737","10281","01","01","01","01","01","01"
"661","Failure","13","13","561","7316","7877","7311","7872","01","01","01","01","01","01"
"662","Failure","19","19","695","5361","6056","5356","6051","01","01","01","01","01","01"
"663","Failure","17","17","469","7818","8287","7813","8282","01","01","01","01","01","01"
"664","Failure","26","26","829","4624","5453","4619","5448","01","01","01","01","01","01"
"665","Failure","18","18","370","6751","7121","6746","7116","01","01","01","01","01","01"
"666","Failure","31","31","888","5839","6727","5834","6722","01","01","01","01","01","01"
"667","Failure","10","10","364","8799","9163","8794","9158","01","01","01","01","01","01"
"668","Failure","27","27","761","10038","10799","10033","10794","01","01","01","01","01","01"
"669","Failure","23","23","423","8308","8731","8303","8726","01","01","01","01","01","01"
"670","Failure","25","25","767","5973","6740","5968","6735","01","01","01","01","01","01"
"671","Failure","06","06","889","7630","8519","7625","8514","01","01","01","01","01","01"
"672","Failure","09","09","504","7509","8013","7504","8008","01","01","01","01","01","01"
"673","Failure","05","05","844","8781","9625","8776","9620","01","01","01","01","01","01"
"674","Failure","11","11","715","6569","7284","6564","7279","01","01","01","01","01","01"
"675","Failure","26","26","440","5453","5893","5448","5888","01","01","01","01","01","01"
"676","Failure","12","12","661","5886","6547","5881","6542","01","01","01","01","01","01"
"677","Failure","10","10","263","9163","9426","9158","9421","01","01","01","01","01","01"
"678","Failure","32","32","701","7067","7768","7062","7763","01","01","01","01","01","01"
"679","Failure","35","35","511","12123","12634","12118","12629","01","01","01","01","01","01"
"680","Failure","11","11","586","7284","7870","7279","7865","01","01","01","01","01","01"
"681","Failure","13","13","588","7877","8465","7872","8460","01","01","01","01","01","01"
"682","Failure","29","29","505","10207","10712","10202","10707","01","01","01","01","01","01"
"683","Failure","29","29","160","10712","10872","10707","10867","01","01","01","01","01","01"
"684","Failure","20","20","569","7662","8231","7657","8226","01","01","01","01","01","01"
"685","Failure","36","36","473","5368","5841","5363","5836","01","01","01","01","01","01"
"686","Failure","05","05","741","9625","10366","9620","10361","01","01","01","01","01","01"
"687","Failure","48","48","851","4930","5781","4925","5776","01","01","01","01","01","01"
"688","Failure","24","24","898","7590","8488","7585","8483","01","01","01","01","01","01"
"689","Failure","16","16","679","11702","12381","11697","12376","01","01","01","01","01","01"
"690","Failure","36","36","117","5841","5958","5836","5953","01","01","01","01","01","01"
"691","Failure","44","44","666","8644","9310","8639","9305","01","01","01","01","01","01"
"692","Failure","42","42","125","10226","10351","10221","10346","01","01","01","01","01","01"
"693","Failure","26","26","192","5893","6085","5888","6080","01","01","01","01","01","01"
"694","Failure","37","37","772","4173","4945","4168","4940","01","01","01","01","01","01"
"695","Failure","51","51","769","8019","8788","8014","8783","01","01","01","01","01","01"
"696","Failure","50","50","820","6064","6884","6059","6879","01","01","01","01","01","01"
"697","Failure","33","33","843","4388","5231","4383","5226","01","01","01","01","01","01"
"698","Failure","30","30","904","8127","9031","8122","9026","01","01","01","01","01","01"
"699","Failure","33","33","818","5231","6049","5226","6044","01","01","01","01","01","01"
"700","Failure","25","25","511","6740","7251","6735","7246","01","01","01","01","01","01"
"701","Failure","04","04","319","7750","8069","7745","8064","01","01","01","01","01","01"
"702","Failure","03","03","361","6535","6896","6530","6891","01","01","01","01","01","01"
"703","Failure","13","13","653","8465","9118","8460","9113","01","01","01","01","01","01"
"704","Failure","15","15","709","9939","10648","9934","10643","01","01","01","01","01","01"
"705","Failure","11","11","782","7870","8652","7865","8647","01","01","01","01","01","01"
"706","Failure","14","14","492","5944","6436","5939","6431","01","01","01","01","01","01"
"707","Failure","04","04","398","8069","8467","8064","8462","01","01","01","01","01","01"
"708","Failure","42","42","514","10351","10865","10346","10860","01","01","01","01","01","01"
"709","Failure","31","31","402","6727","7129","6722","7124","01","01","01","01","01","01"
"710","Failure","18","18","340","7121","7461","7116","7456","01","01","01","01","01","01"
"711","Failure","29","29","627","10872","11499","10867","11494","01","01","01","01","01","01"
"712","Failure","43","43","789","7285","8074","7280","8069","01","01","01","01","01","01"
"713","Failure","25","25","495","7251","7746","7246","7741","01","01","01","01","01","01"
"714","Failure","22","22","261","7944","8205","7939","8200","01","01","01","01","01","01"
"715","Failure","40","40","930","6832","7762","6827","7757","01","01","01","01","01","01"
"716","Failure","05","05","499","10366","10865","10361","10860","01","01","01","01","01","01"
"717","Failure","04","04","537","8467","9004","8462","8999","01","01","01","01","01","01"
"718","Failure","18","18","397","7461","7858","7456","7853","01","01","01","01","01","01"
"719","Failure","15","15","697","10648","11345","10643","11340","01","01","01","01","01","01"
"720","Failure","37","37","656","4945","5601","4940","5596","01","01","01","01","01","01"
"721","Failure","32","32","639","7768","8407","7763","8402","01","01","01","01","01","01"
"722","Failure","37","37","807","5601","6408","5596","6403","01","01","01","01","01","01"
"723","Failure","43","43","665","8074","8739","8069","8734","01","01","01","01","01","01"
"724","Failure","23","23","982","8731","9713","8726","9708","01","01","01","01","01","01"
"725","Failure","38","38","755","4233","4988","4228","4983","01","01","01","01","01","01"
"726","Failure","41","41","436","9006","9442","9001","9437","01","01","01","01","01","01"
"727","Failure","03","03","676","6896","7572","6891","7567","01","01","01","01","01","01"
"728","Failure","13","13","1037","9118","10155","9113","10150","01","01","01","01","01","01"
"729","Failure","34","34","302","11351","11653","11346","11648","01","01","01","01","01","01"
"730","Failure","19","19","634","6056","6690","6051","6685","01","01","01","01","01","01"
"731","Failure","45","45","835","7829","8664","7824","8659","01","01","01","01","01","01"
"732","Failure","09","09","505","8013","8518","8008","8513","01","01","01","01","01","01"
"733","Failure","11","11","298","8652","8950","8647","8945","01","01","01","01","01","01"
"734","Failure","16","16","385","12381","12766","12376","12761","01","01","01","01","01","01"
"735","Failure","25","25","376","7746","8122","7741","8117","01","01","01","01","01","01"
"736","Failure","17","17","731","8287","9018","8282","9013","01","01","01","01","01","01"
"737","Failure","21","21","717","6453","7170","6448","7165","01","01","01","01","01","01"
"738","Failure","18","18","697","7858","8555","7853","8550","01","01","01","01","01","01"
"739","Failure","06","06","423","8519","8942","8514","8937","01","01","01","01","01","01"
"740","Failure","26","26","775","6085","6860","6080","6855","01","01","01","01","01","01"
"741","Failure","21","21","642","7170","7812","7165","7807","01","01","01","01","01","01"
"742","Failure","27","27","545","10799","11344","10794","11339","01","01","01","01","01","01"
"743","Failure","24","24","425","8488","8913","8483","8908","01","01","01","01","01","01"
"744","Failure","46","46","724","9319","10043","9314","10038","01","01","01","01","01","01"
"745","Failure","03","03","821","7572","8393","7567","8388","01","01","01","01","01","01"
"746","Failure","02","02","902","7005","7907","7000","7902","01","01","01","01","01","01"
"747","Failure","27","27","694","11344","12038","11339","12033","01","01","01","01","01","01"
"748","Failure","36","36","341","5958","6299","5953","6294","01","01","01","01","01","01"
"749","Failure","08","08","449","3061","3510","3056","3505","01","01","01","01","01","01"
"750","Failure","17","17","474","9018","9492","9013","9487","01","01","01","01","01","01"
"751","Failure","31","31","732","7129","7861","7124","7856","01","01","01","01","01","01"
"752","Failure","28","28","328","5314","5642","5309","5637","01","01","01","01","01","01"
"753","Failure","45","45","499","8664","9163","8659","9158","01","01","01","01","01","01"
"754","Failure","43","43","271","8739","9010","8734","9005","01","01","01","01","01","01"
"755","Failure","14","14","504","6436","6940","6431","6935","01","01","01","01","01","01"
"756","Failure","31","31","848","7861","8709","7856","8704","01","01","01","01","01","01"
"757","Failure","20","20","791","8231","9022","8226","9017","01","01","01","01","01","01"
"758","Failure","03","03","583","8393","8976","8388","8971","01","01","01","01","01","01"
"759","Failure","43","43","793","9010","9803","9005","9798","01","01","01","01","01","01"
"760","Failure","13","13","442","10155","10597","10150","10592","01","01","01","01","01","01"
"761","Failure","30","30","205","9031","9236","9026","9231","01","01","01","01","01","01"
"762","Failure","35","35","510","12634","13144","12629","13139","01","01","01","01","01","01"
"763","Failure","15","15","369","11345","11714","11340","11709","01","01","01","01","01","01"
"764","Failure","35","35","260","13144","13404","13139","13399","01","01","01","01","01","01"
"765","Failure","45","45","193","9163","9356","9158","9351","01","01","01","01","01","01"
"766","Failure","04","04","398","9004","9402","8999","9397","01","01","01","01","01","01"
"767","Failure","18","18","902","8555","9457","8550","9452","01","01","01","01","01","01"
"768","Failure","30","30","400","9236","9636","9231","9631","01","01","01","01","01","01"
"769","Failure","37","37","693","6408","7101","6403","7096","01","01","01","01","01","01"
"770","Failure","51","51","529","8788","9317","8783","9312","01","01","01","01","01","01"
"771","Failure","27","27","430","12038","12468","12033","12463","01","01","01","01","01","01"
"772","Failure","16","16","53","12766","12819","12761","12814","01","01","01","01","01","01"
"773","Failure","19","19","349","6690","7039","6685","7034","01","01","01","01","01","01"
"774","Failure","29","29","374","11499","11873","11494","11868","01","01","01","01","01","01"
"775","Failure","26","26","530","6860","7390","6855","7385","01","01","01","01","01","01"
"776","Failure","24","24","741","8913","9654","8908","9649","01","01","01","01","01","01"
"777","Failure","47","47","612","14031","14643","14026","14638","01","01","01","01","01","01"
"778","Failure","28","28","768","5642","6410","5637","6405","01","01","01","01","01","01"
"779","Failure","22","22","952","8205","9157","8200","9152","01","01","01","01","01","01"
"780","Failure","40","40","434","7762","8196","7757","8191","01","01","01","01","01","01"
"781","Failure","44","44","575","9310","9885","9305","9880","01","01","01","01","01","01"
"782","Failure","35","35","652","13404","14056","13399","14051","01","01","01","01","01","01"
"783","Failure","16","16","704","12819","13523","12814","13518","01","01","01","01","01","01"
"784","Failure","29","29","658","11873","12531","11868","12526","01","01","01","01","01","01"
"785","Failure","21","21","519","7812","8331","7807","8326","01","01","01","01","01","01"
"786","Failure","32","32","828","8407","9235","8402","9230","01","01","01","01","01","01"
"787","Failure","13","13","451","10597","11048","10592","11043","01","01","01","01","01","01"
"788","Failure","14","14","446","6940","7386","6935","7381","01","01","01","01","01","01"
"789","Failure","20","20","789","9022","9811","9017","9806","01","01","01","01","01","01"
"790","Failure","51","51","627","9317","9944","9312","9939","01","01","01","01","01","01"
"791","Failure","16","16","637","13523","14160","13518","14155","01","01","01","01","01","01"
"792","Failure","13","13","51","11048","11099","11043","11094","01","01","01","01","01","01"
"793","Failure","50","50","854","6884","7738","6879","7733","01","01","01","01","01","01"
"794","Failure","10","10","678","9426","10104","9421","10099","01","01","01","01","01","01"
"795","Failure","42","42","439","10865","11304","10860","11299","01","01","01","01","01","01"
"796","Failure","46","46","844","10043","10887","10038","10882","01","01","01","01","01","01"
"797","Failure","43","43","277","9803","10080","9798","10075","01","01","01","01","01","01"
"798","Failure","34","34","632","11653","12285","11648","12280","01","01","01","01","01","01"
"799","Failure","23","23","721","9713","10434","9708","10429","01","01","01","01","01","01"
"800","Failure","50","50","633","7738","8371","7733","8366","01","01","01","01","01","01"
"801","Failure","51","51","821","9944","10765","9939","10760","01","01","01","01","01","01"
"802","Failure","46","46","735","10887","11622","10882","11617","01","01","01","01","01","01"
"803","Failure","26","26","339","7390","7729","7385","7724","01","01","01","01","01","01"
"804","Failure","21","21","754","8331","9085","8326","9080","01","01","01","01","01","01"
"805","Failure","33","33","346","6049","6395","6044","6390","01","01","01","01","01","01"
"806","Failure","37","37","623","7101","7724","7096","7719","01","01","01","01","01","01"
"807","Failure","06","06","161","8942","9103","8937","9098","01","01","01","01","01","01"
"808","Failure","47","47","372","14643","15015","14638","15010","01","01","01","01","01","01"
"809","Failure","08","08","455","3510","3965","3505","3960","01","01","01","01","01","01"
"810","Failure","12","12","690","6547","7237","6542","7232","01","01","01","01","01","01"
"811","Failure","20","20","358","9811","10169","9806","10164","01","01","01","01","01","01"
"812","Failure","11","11","467","8950","9417","8945","9412","01","01","01","01","01","01"
"813","Failure","40","40","916","8196","9112","8191","9107","01","01","01","01","01","01"
"814","Failure","31","31","107","8709","8816","8704","8811","01","01","01","01","01","01"
"815","Failure","03","03","317","8976","9293","8971","9288","01","01","01","01","01","01"
"816","Failure","35","35","326","14056","14382","14051","14377","01","01","01","01","01","01"
"817","Failure","42","42","886","11304","12190","11299","12185","01","01","01","01","01","01"
"818","Failure","10","10","437","10104","10541","10099","10536","01","01","01","01","01","01"
"819","Failure","22","22","593","9157","9750","9152","9745","01","01","01","01","01","01"
"820","Failure","43","43","702","10080","10782","10075","10777","01","01","01","01","01","01"
"821","Failure","09","09","254","8518","8772","8513","8767","01","01","01","01","01","01"
"822","Failure","27","27","436","12468","12904","12463","12899","01","01","01","01","01","01"
"823","Failure","23","23","831","10434","11265","10429","11260","01","01","01","01","01","01"
"824","Failure","19","19","646","7039","7685","7034","7680","01","01","01","01","01","01"
"825","Failure","13","13","350","11099","11449","11094","11444","01","01","01","01","01","01"
"826","Failure","10","10","322","10541","10863","10536","10858","01","01","01","01","01","01"
"827","Failure","27","27","619","12904","13523","12899","13518","01","01","01","01","01","01"
"828","Failure","07","07","392","10286","10678","10281","10673","01","01","01","01","01","01"
"829","Failure","25","25","464","8122","8586","8117","8581","01","01","01","01","01","01"
"830","Failure","30","30","277","9636","9913","9631","9908","01","01","01","01","01","01"
"831","Failure","49","49","428","8978","9406","8973","9401","01","01","01","01","01","01"
"832","Failure","50","50","556","8371","8927","8366","8922","01","01","01","01","01","01"
"833","Failure","09","09","792","8772","9564","8767","9559","01","01","01","01","01","01"
"834","Failure","13","13","1068","11449","12517","11444","12512","01","01","01","01","01","01"
"835","Failure","02","02","624","7907","8531","7902","8526","01","01","01","01","01","01"
"836","Failure","12","12","895","7237","8132","7232","8127","01","01","01","01","01","01"
"837","Failure","44","44","551","9885","10436","9880","10431","01","01","01","01","01","01"
"838","Failure","26","26","734","7729","8463","7724","8458","01","01","01","01","01","01"
"839","Failure","27","27","1046","13523","14569","13518","14564","01","01","01","01","01","01"
"840","Failure","21","21","386","9085","9471","9080","9466","01","01","01","01","01","01"
"841","Failure","16","16","859","14160","15019","14155","15014","01","01","01","01","01","01"
"842","Failure","18","18","272","9457","9729","9452","9724","01","01","01","01","01","01"
"843","Failure","11","11","129","9417","9546","9412","9541","01","01","01","01","01","01"
"844","Failure","46","46","853","11622","12475","11617","12470","01","01","01","01","01","01"
"845","Failure","09","09","496","9564","10060","9559","10055","01","01","01","01","01","01"
"846","Failure","29","29","765","12531","13296","12526","13291","01","01","01","01","01","01"
"847","Failure","25","25","466","8586","9052","8581","9047","01","01","01","01","01","01"
"848","Failure","13","13","454","12517","12971","12512","12966","01","01","01","01","01","01"
"849","Failure","41","41","295","9442","9737","9437","9732","01","01","01","01","01","01"
"850","Failure","40","40","723","9112","9835","9107","9830","01","01","01","01","01","01"
"851","Failure","31","31","121","8816","8937","8811","8932","01","01","01","01","01","01"
"852","Failure","24","24","646","9654","10300","9649","10295","01","01","01","01","01","01"
"853","Failure","28","28","618","6410","7028","6405","7023","01","01","01","01","01","01"
"854","Failure","05","05","358","10865","11223","10860","11218","01","01","01","01","01","01"
"855","Failure","04","04","469","9402","9871","9397","9866","01","01","01","01","01","01"
"856","Failure","50","50","1065","8927","9992","8922","9987","01","01","01","01","01","01"
"857","Failure","04","04","596","9871","10467","9866","10462","01","01","01","01","01","01"
"858","Failure","48","48","745","5781","6526","5776","6521","01","01","01","01","01","01"
"859","Failure","08","08","935","3965","4900","3960","4895","01","01","01","01","01","01"
"860","Failure","49","49","694","9406","10100","9401","10095","01","01","01","01","01","01"
"861","Failure","48","48","414","6526","6940","6521","6935","01","01","01","01","01","01"
"862","Failure","17","17","445","9492","9937","9487","9932","01","01","01","01","01","01"
"863","Failure","23","23","468","11265","11733","11260","11728","01","01","01","01","01","01"
"864","Failure","40","40","515","9835","10350","9830","10345","01","01","01","01","01","01"
"865","Failure","47","47","672","15015","15687","15010","15682","01","01","01","01","01","01"
"866","Failure","28","28","698","7028","7726","7023","7721","01","01","01","01","01","01"
"867","Failure","37","37","751","7724","8475","7719","8470","01","01","01","01","01","01"
"868","Failure","51","51","844","10765","11609","10760","11604","01","01","01","01","01","01"
"869","Failure","11","11","557","9546","10103","9541","10098","01","01","01","01","01","01"
"870","Failure","49","49","452","10100","10552","10095","10547","01","01","01","01","01","01"
"871","Failure","39","39","909","7680","8589","7675","8584","01","01","01","01","01","01"
"872","Failure","30","30","436","9913","10349","9908","10344","01","01","01","01","01","01"
"873","Failure","10","10","670","10863","11533","10858","11528","01","01","01","01","01","01"
"874","Failure","22","22","619","9750","10369","9745","10364","01","01","01","01","01","01"
"875","Failure","22","22","194","10369","10563","10364","10558","01","01","01","01","01","01"
"876","Failure","48","48","736","6940","7676","6935","7671","01","01","01","01","01","01"
"877","Failure","09","09","981","10060","11041","10055","11036","01","01","01","01","01","01"
"878","Failure","20","20","314","10169","10483","10164","10478","01","01","01","01","01","01"
"879","Failure","03","03","940","9293","10233","9288","10228","01","01","01","01","01","01"
"880","Failure","10","10","178","11533","11711","11528","11706","01","01","01","01","01","01"
"881","Failure","33","33","476","6395","6871","6390","6866","01","01","01","01","01","01"
"882","Failure","32","32","724","9235","9959","9230","9954","01","01","01","01","01","01"
"883","Failure","37","37","581","8475","9056","8470","9051","01","01","01","01","01","01"
"884","Failure","30","30","1027","10349","11376","10344","11371","01","01","01","01","01","01"
"885","Failure","09","09","381","11041","11422","11036","11417","01","01","01","01","01","01"
"886","Failure","16","16","560","15019","15579","15014","15574","01","01","01","01","01","01"
"887","Failure","31","31","809","8937","9746","8932","9741","01","01","01","01","01","01"
"888","Failure","37","37","977","9056","10033","9051","10028","01","01","01","01","01","01"
"889","Failure","18","18","437","9729","10166","9724","10161","01","01","01","01","01","01"
"890","Failure","47","47","937","15687","16624","15682","16619","01","01","01","01","01","01"
"891","Failure","13","13","991","12971","13962","12966","13957","01","01","01","01","01","01"
"892","Failure","25","25","515","9052","9567","9047","9562","01","01","01","01","01","01"
"893","Failure","28","28","620","7726","8346","7721","8341","01","01","01","01","01","01"
"894","Failure","30","30","785","11376","12161","11371","12156","01","01","01","01","01","01"
"895","Failure","39","39","532","8589","9121","8584","9116","01","01","01","01","01","01"
"896","Failure","39","39","262","9121","9383","9116","9378","01","01","01","01","01","01"
"897","Failure","39","39","250","9383","9633","9378","9628","01","01","01","01","01","01"
"898","Failure","23","23","652","11733","12385","11728","12380","01","01","01","01","01","01"
"899","Failure","43","43","302","10782","11084","10777","11079","01","01","01","01","01","01"
"900","Failure","20","20","554","10483","11037","10478","11032","01","01","01","01","01","01"
"901","Failure","42","42","621","12190","12811","12185","12806","01","01","01","01","01","01"
"902","Failure","29","29","230","13296","13526","13291","13521","01","01","01","01","01","01"
"903","Failure","31","31","532","9746","10278","9741","10273","01","01","01","01","01","01"
"904","Failure","29","29","303","13526","13829","13521","13824","01","01","01","01","01","01"
"905","Failure","43","43","593","11084","11677","11079","11672","01","01","01","01","01","01"
"906","Failure","40","40","937","10350","11287","10345","11282","01","01","01","01","01","01"
"907","Failure","18","18","232","10166","10398","10161","10393","01","01","01","01","01","01"
"908","Failure","36","36","520","6299","6819","6294","6814","01","01","01","01","01","01"
"909","Failure","17","17","923","9937","10860","9932","10855","01","01","01","01","01","01"
"910","Failure","28","28","719","8346","9065","8341","9060","01","01","01","01","01","01"
"911","Failure","07","07","666","10678","11344","10673","11339","01","01","01","01","01","01"
"912","Failure","34","34","313","12285","12598","12280","12593","01","01","01","01","01","01"
"913","Failure","22","22","369","10563","10932","10558","10927","01","01","01","01","01","01"
"914","Failure","44","44","595","10436","11031","10431","11026","01","01","01","01","01","01"
"915","Failure","48","48","511","7676","8187","7671","8182","01","01","01","01","01","01"
"916","Failure","41","41","874","9737","10611","9732","10606","01","01","01","01","01","01"
"917","Failure","48","48","812","8187","8999","8182","8994","01","01","01","01","01","01"
"918","Failure","45","45","607","9356","9963","9351","9958","01","01","01","01","01","01"
"919","Failure","24","24","677","10300","10977","10295","10972","01","01","01","01","01","01"
"920","Failure","28","28","494","9065","9559","9060","9554","01","01","01","01","01","01"
"921","Failure","16","16","561","15579","16140","15574","16135","01","01","01","01","01","01"
"922","Failure","24","24","264","10977","11241","10972","11236","01","01","01","01","01","01"
"923","Failure","15","15","243","11714","11957","11709","11952","01","01","01","01","01","01"
"924","Failure","28","28","682","9559","10241","9554","10236","01","01","01","01","01","01"
"925","Failure","14","14","204","7386","7590","7381","7585","01","01","01","01","01","01"
"926","Failure","37","37","178","10033","10211","10028","10206","01","01","01","01","01","01"
"927","Failure","23","23","286","12385","12671","12380","12666","01","01","01","01","01","01"
"928","Failure","04","04","923","10467","11390","10462","11385","01","01","01","01","01","01"
"929","Failure","47","47","444","16624","17068","16619","17063","01","01","01","01","01","01"
"930","Failure","51","51","183","11609","11792","11604","11787","01","01","01","01","01","01"
"931","Failure","32","32","667","9959","10626","9954","10621","01","01","01","01","01","01"
"932","Failure","24","24","512","11241","11753","11236","11748","01","01","01","01","01","01"
"933","Failure","31","31","564","10278","10842","10273","10837","01","01","01","01","01","01"
"934","Failure","51","51","695","11792","12487","11787","12482","01","01","01","01","01","01"
"935","Failure","43","43","811","11677","12488","11672","12483","01","01","01","01","01","01"
"936","Failure","11","11","733","10103","10836","10098","10831","01","01","01","01","01","01"
"937","Failure","36","36","845","6819","7664","6814","7659","01","01","01","01","01","01"
"938","Failure","15","15","316","11957","12273","11952","12268","01","01","01","01","01","01"
"939","Failure","26","26","869","8463","9332","8458","9327","01","01","01","01","01","01"
"940","Failure","26","26","818","9332","10150","9327","10145","01","01","01","01","01","01"
"941","Failure","20","20","921","11037","11958","11032","11953","01","01","01","01","01","01"
"942","Failure","31","31","363","10842","11205","10837","11200","01","01","01","01","01","01"
"943","Failure","24","24","527","11753","12280","11748","12275","01","01","01","01","01","01"
"944","Failure","45","45","243","9963","10206","9958","10201","01","01","01","01","01","01"
"945","Failure","12","12","573","8132","8705","8127","8700","01","01","01","01","01","01"
"946","Failure","04","04","432","11390","11822","11385","11817","01","01","01","01","01","01"
"947","Failure","08","08","396","4900","5296","4895","5291","01","01","01","01","01","01"
"948","Failure","50","50","227","9992","10219","9987","10214","01","01","01","01","01","01"
"949","Failure","47","47","611","17068","17679","17063","17674","01","01","01","01","01","01"
"950","Failure","33","33","506","6871","7377","6866","7372","01","01","01","01","01","01"
"951","Failure","18","18","470","10398","10868","10393","10863","01","01","01","01","01","01"
"952","Failure","04","04","882","11822","12704","11817","12699","01","01","01","01","01","01"
"953","Failure","36","36","733","7664","8397","7659","8392","01","01","01","01","01","01"
"954","Failure","34","34","532","12598","13130","12593","13125","01","01","01","01","01","01"
"955","Failure","13","13","601","13962","14563","13957","14558","01","01","01","01","01","01"
"956","Failure","27","27","688","14569","15257","14564","15252","01","01","01","01","01","01"
"957","Failure","39","39","606","9633","10239","9628","10234","01","01","01","01","01","01"
"958","Failure","15","15","445","12273","12718","12268","12713","01","01","01","01","01","01"
"959","Failure","04","04","552","12704","13256","12699","13251","01","01","01","01","01","01"
"960","Failure","33","33","250","7377","7627","7372","7622","01","01","01","01","01","01"
"961","Failure","45","45","1009","10206","11215","10201","11210","01","01","01","01","01","01"
"962","Failure","05","05","872","11223","12095","11218","12090","01","01","01","01","01","01"
"963","Failure","38","38","227","4988","5215","4983","5210","01","01","01","01","01","01"
"964","Failure","47","47","957","17679","18636","17674","18631","01","01","01","01","01","01"
"965","Failure","03","03","591","10233","10824","10228","10819","01","01","01","01","01","01"
"966","Failure","29","29","336","13829","14165","13824","14160","01","01","01","01","01","01"
"967","Failure","03","03","349","10824","11173","10819","11168","01","01","01","01","01","01"
"968","Failure","29","29","309","14165","14474","14160","14469","01","01","01","01","01","01"
"969","Failure","05","05","785","12095","12880","12090","12875","01","01","01","01","01","01"
"970","Failure","15","15","781","12718","13499","12713","13494","01","01","01","01","01","01"
"971","Failure","11","11","886","10836","11722","10831","11717","01","01","01","01","01","01"
"972","Failure","12","12","371","8705","9076","8700","9071","01","01","01","01","01","01"
"973","Failure","09","09","639","11422","12061","11417","12056","01","01","01","01","01","01"
"974","Failure","08","08","654","5296","5950","5291","5945","01","01","01","01","01","01"
"975","Failure","38","38","517","5215","5732","5210","5727","01","01","01","01","01","01"
"976","Failure","03","03","359","11173","11532","11168","11527","01","01","01","01","01","01"
"977","Failure","32","32","474","10626","11100","10621","11095","01","01","01","01","01","01"
"978","Failure","31","31","259","11205","11464","11200","11459","01","01","01","01","01","01"
"979","Failure","29","29","626","14474","15100","14469","15095","01","01","01","01","01","01"
"980","Failure","27","27","268","15257","15525","15252","15520","01","01","01","01","01","01"
"981","Failure","16","16","813","16140","16953","16135","16948","01","01","01","01","01","01"
"982","Failure","48","48","384","8999","9383","8994","9378","01","01","01","01","01","01"
"983","Failure","51","51","533","12487","13020","12482","13015","01","01","01","01","01","01"
"984","Failure","10","10","506","11711","12217","11706","12212","01","01","01","01","01","01"
"985","Failure","29","29","559","15100","15659","15095","15654","01","01","01","01","01","01"
"986","Failure","26","26","142","10150","10292","10145","10287","01","01","01","01","01","01"
"987","Failure","11","11","536","11722","12258","11717","12253","01","01","01","01","01","01"
"988","Failure","09","09","500","12061","12561","12056","12556","01","01","01","01","01","01"
"989","Failure","23","23","988","12671","13659","12666","13654","01","01","01","01","01","01"
"990","Failure","04","04","874","13256","14130","13251","14125","01","01","01","01","01","01"
"991","Failure","09","09","208","12561","12769","12556","12764","01","01","01","01","01","01"
"992","Failure","19","19","578","7685","8263","7680","8258","01","01","01","01","01","01"
"993","Failure","05","05","663","12880","13543","12875","13538","01","01","01","01","01","01"
"994","Failure","05","05","394","13543","13937","13538","13932","01","01","01","01","01","01"
"995","Failure","09","09","406","12769","13175","12764","13170","01","01","01","01","01","01"
"996","Failure","28","28","818","10241","11059","10236","11054","01","01","01","01","01","01"
"997","Failure","22","22","363","10932","11295","10927","11290","01","01","01","01","01","01"
"998","Failure","28","28","899","11059","11958","11054","11953","01","01","01","01","01","01"
"999","Failure","09","09","545","13175","13720","13170","13715","01","01","01","01","01","01"
"Makespan using QLearning:","17539.282928086912"
"Total Completion Time:","6277185.0"
"Avg Completion Time:","6277.185"
"Total Cost:","1147958.0"
"Avg Cost:","1147.958"
"Avg Waiting Time:","5703.206"
"Successful Rate:","0.173"
"Avg CPU Utilization:","0.48197077840288854"
"Total Power:","6.7149693E7"
"Average Ram:","1.0"
