"Cloudlet ID","Status","Data center ID","VM ID","Time","Start Time","Finish Time","Waiting","Completion","RAM Utilization1","RAM Utilization2","RAM Utilization3","RAM Utilization4","RAM Utilization5","RAM Utilization6"
"00","SUCCESS","40","40","328","05","333","00","328","01","01","01","01","01","01"
"01","SUCCESS","28","28","940","05","945","00","940","01","01","01","01","01","01"
"02","SUCCESS","14","14","670","05","675","00","670","01","01","01","01","01","01"
"03","SUCCESS","15","15","909","05","914","00","909","01","01","01","01","01","01"
"04","SUCCESS","10","10","926","05","931","00","926","01","01","01","01","01","01"
"05","SUCCESS","33","33","644","05","649","00","644","01","01","01","01","01","01"
"06","SUCCESS","33","33","277","649","926","644","921","01","01","01","01","01","01"
"07","SUCCESS","42","42","506","05","511","00","506","01","01","01","01","01","01"
"08","SUCCESS","17","17","251","05","256","00","251","01","01","01","01","01","01"
"09","SUCCESS","27","27","874","05","879","00","874","01","01","01","01","01","01"
"10","SUCCESS","33","33","670","926","1596","921","1591","01","01","01","01","01","01"
"11","SUCCESS","40","40","290","333","623","328","618","01","01","01","01","01","01"
"12","SUCCESS","29","29","952","05","957","00","952","01","01","01","01","01","01"
"13","SUCCESS","50","50","415","05","420","00","415","01","01","01","01","01","01"
"14","Failure","33","33","893","1596","2489","1591","2484","01","01","01","01","01","01"
"15","SUCCESS","19","19","238","05","243","00","238","01","01","01","01","01","01"
"16","SUCCESS","49","49","933","05","938","00","933","01","01","01","01","01","01"
"17","SUCCESS","47","47","536","05","541","00","536","01","01","01","01","01","01"
"18","SUCCESS","07","07","538","05","543","00","538","01","01","01","01","01","01"
"19","SUCCESS","40","40","747","623","1370","618","1365","01","01","01","01","01","01"
"20","SUCCESS","24","24","216","05","221","00","216","01","01","01","01","01","01"
"21","SUCCESS","42","42","650","511","1161","506","1156","01","01","01","01","01","01"
"22","SUCCESS","30","30","1023","05","1028","00","1023","01","01","01","01","01","01"
"23","SUCCESS","09","09","547","05","552","00","547","01","01","01","01","01","01"
"24","SUCCESS","19","19","124","243","367","238","362","01","01","01","01","01","01"
"25","SUCCESS","29","29","459","957","1416","952","1411","01","01","01","01","01","01"
"26","SUCCESS","10","10","428","931","1359","926","1354","01","01","01","01","01","01"
"27","SUCCESS","32","32","665","05","670","00","665","01","01","01","01","01","01"
"28","SUCCESS","24","24","783","221","1004","216","999","01","01","01","01","01","01"
"29","SUCCESS","32","32","868","670","1538","665","1533","01","01","01","01","01","01"
"30","SUCCESS","24","24","675","1004","1679","999","1674","01","01","01","01","01","01"
"31","SUCCESS","17","17","500","256","756","251","751","01","01","01","01","01","01"
"32","SUCCESS","21","21","565","05","570","00","565","01","01","01","01","01","01"
"33","SUCCESS","37","37","646","05","651","00","646","01","01","01","01","01","01"
"34","SUCCESS","39","39","699","05","704","00","699","01","01","01","01","01","01"
"35","SUCCESS","14","14","349","675","1024","670","1019","01","01","01","01","01","01"
"36","SUCCESS","46","46","474","05","479","00","474","01","01","01","01","01","01"
"37","SUCCESS","21","21","343","570","913","565","908","01","01","01","01","01","01"
"38","SUCCESS","17","17","384","756","1140","751","1135","01","01","01","01","01","01"
"39","SUCCESS","31","31","695","05","700","00","695","01","01","01","01","01","01"
"40","SUCCESS","22","22","508","05","513","00","508","01","01","01","01","01","01"
"41","SUCCESS","25","25","440","05","445","00","440","01","01","01","01","01","01"
"42","SUCCESS","36","36","579","05","584","00","579","01","01","01","01","01","01"
"43","SUCCESS","35","35","306","05","311","00","306","01","01","01","01","01","01"
"44","SUCCESS","37","37","383","651","1034","646","1029","01","01","01","01","01","01"
"45","SUCCESS","51","51","829","05","834","00","829","01","01","01","01","01","01"
"46","Failure","24","24","823","1679","2502","1674","2497","01","01","01","01","01","01"
"47","SUCCESS","42","42","791","1161","1952","1156","1947","01","01","01","01","01","01"
"48","SUCCESS","45","45","376","05","381","00","376","01","01","01","01","01","01"
"49","SUCCESS","35","35","694","311","1005","306","1000","01","01","01","01","01","01"
"50","SUCCESS","06","06","1337","05","1342","00","1337","01","01","01","01","01","01"
"51","SUCCESS","45","45","843","381","1224","376","1219","01","01","01","01","01","01"
"52","SUCCESS","38","38","923","05","928","00","923","01","01","01","01","01","01"
"53","SUCCESS","03","03","1127","05","1132","00","1127","01","01","01","01","01","01"
"54","SUCCESS","12","12","217","05","222","00","217","01","01","01","01","01","01"
"55","SUCCESS","37","37","486","1034","1520","1029","1515","01","01","01","01","01","01"
"56","SUCCESS","08","08","726","05","731","00","726","01","01","01","01","01","01"
"57","SUCCESS","12","12","863","222","1085","217","1080","01","01","01","01","01","01"
"58","SUCCESS","47","47","363","541","904","536","899","01","01","01","01","01","01"
"59","SUCCESS","21","21","327","913","1240","908","1235","01","01","01","01","01","01"
"60","SUCCESS","14","14","359","1024","1383","1019","1378","01","01","01","01","01","01"
"61","SUCCESS","03","03","824","1132","1956","1127","1951","01","01","01","01","01","01"
"62","SUCCESS","45","45","692","1224","1916","1219","1911","01","01","01","01","01","01"
"63","SUCCESS","46","46","817","479","1296","474","1291","01","01","01","01","01","01"
"64","SUCCESS","47","47","669","904","1573","899","1568","01","01","01","01","01","01"
"65","Failure","10","10","913","1359","2272","1354","2267","01","01","01","01","01","01"
"66","SUCCESS","35","35","806","1005","1811","1000","1806","01","01","01","01","01","01"
"67","SUCCESS","05","05","458","05","463","00","458","01","01","01","01","01","01"
"68","SUCCESS","18","18","885","05","890","00","885","01","01","01","01","01","01"
"69","SUCCESS","46","46","177","1296","1473","1291","1468","01","01","01","01","01","01"
"70","SUCCESS","38","38","433","928","1361","923","1356","01","01","01","01","01","01"
"71","SUCCESS","35","35","383","1811","2194","1806","2189","01","01","01","01","01","01"
"72","SUCCESS","30","30","529","1028","1557","1023","1552","01","01","01","01","01","01"
"73","SUCCESS","06","06","697","1342","2039","1337","2034","01","01","01","01","01","01"
"74","SUCCESS","14","14","721","1383","2104","1378","2099","01","01","01","01","01","01"
"75","SUCCESS","16","16","352","05","357","00","352","01","01","01","01","01","01"
"76","SUCCESS","09","09","435","552","987","547","982","01","01","01","01","01","01"
"77","SUCCESS","44","44","603","05","608","00","603","01","01","01","01","01","01"
"78","SUCCESS","50","50","711","420","1131","415","1126","01","01","01","01","01","01"
"79","SUCCESS","27","27","676","879","1555","874","1550","01","01","01","01","01","01"
"80","Failure","45","45","773","1916","2689","1911","2684","01","01","01","01","01","01"
"81","Failure","32","32","889","1538","2427","1533","2422","01","01","01","01","01","01"
"82","Failure","40","40","890","1370","2260","1365","2255","01","01","01","01","01","01"
"83","SUCCESS","04","04","334","05","339","00","334","01","01","01","01","01","01"
"84","SUCCESS","31","31","358","700","1058","695","1053","01","01","01","01","01","01"
"85","SUCCESS","07","07","360","543","903","538","898","01","01","01","01","01","01"
"86","SUCCESS","22","22","756","513","1269","508","1264","01","01","01","01","01","01"
"87","Failure","06","06","1235","2039","3274","2034","3269","01","01","01","01","01","01"
"88","SUCCESS","16","16","151","357","508","352","503","01","01","01","01","01","01"
"89","SUCCESS","04","04","635","339","974","334","969","01","01","01","01","01","01"
"90","SUCCESS","22","22","505","1269","1774","1264","1769","01","01","01","01","01","01"
"91","SUCCESS","20","20","127","05","132","00","127","01","01","01","01","01","01"
"92","Failure","22","22","733","1774","2507","1769","2502","01","01","01","01","01","01"
"93","SUCCESS","18","18","518","890","1408","885","1403","01","01","01","01","01","01"
"94","SUCCESS","43","43","603","05","608","00","603","01","01","01","01","01","01"
"95","Failure","10","10","780","2272","3052","2267","3047","01","01","01","01","01","01"
"96","SUCCESS","44","44","1046","608","1654","603","1649","01","01","01","01","01","01"
"97","SUCCESS","38","38","583","1361","1944","1356","1939","01","01","01","01","01","01"
"98","SUCCESS","21","21","328","1240","1568","1235","1563","01","01","01","01","01","01"
"99","SUCCESS","08","08","355","731","1086","726","1081","01","01","01","01","01","01"
"100","Failure","10","10","374","3052","3426","3047","3421","01","01","01","01","01","01"
"101","SUCCESS","20","20","628","132","760","127","755","01","01","01","01","01","01"
"102","Failure","35","35","506","2194","2700","2189","2695","01","01","01","01","01","01"
"103","Failure","44","44","861","1654","2515","1649","2510","01","01","01","01","01","01"
"104","SUCCESS","04","04","635","974","1609","969","1604","01","01","01","01","01","01"
"105","Failure","10","10","606","3426","4032","3421","4027","01","01","01","01","01","01"
"106","SUCCESS","36","36","823","584","1407","579","1402","01","01","01","01","01","01"
"107","SUCCESS","17","17","862","1140","2002","1135","1997","01","01","01","01","01","01"
"108","SUCCESS","31","31","956","1058","2014","1053","2009","01","01","01","01","01","01"
"109","SUCCESS","49","49","702","938","1640","933","1635","01","01","01","01","01","01"
"110","SUCCESS","13","13","632","05","637","00","632","01","01","01","01","01","01"
"111","Failure","42","42","717","1952","2669","1947","2664","01","01","01","01","01","01"
"112","SUCCESS","26","26","622","05","627","00","622","01","01","01","01","01","01"
"113","SUCCESS","20","20","657","760","1417","755","1412","01","01","01","01","01","01"
"114","SUCCESS","11","11","520","05","525","00","520","01","01","01","01","01","01"
"115","Failure","03","03","1383","1956","3339","1951","3334","01","01","01","01","01","01"
"116","Failure","44","44","466","2515","2981","2510","2976","01","01","01","01","01","01"
"117","SUCCESS","16","16","292","508","800","503","795","01","01","01","01","01","01"
"118","Failure","40","40","706","2260","2966","2255","2961","01","01","01","01","01","01"
"119","Failure","47","47","772","1573","2345","1568","2340","01","01","01","01","01","01"
"120","SUCCESS","51","51","201","834","1035","829","1030","01","01","01","01","01","01"
"121","Failure","46","46","785","1473","2258","1468","2253","01","01","01","01","01","01"
"122","SUCCESS","48","48","1008","05","1013","00","1008","01","01","01","01","01","01"
"123","SUCCESS","05","05","944","463","1407","458","1402","01","01","01","01","01","01"
"124","Failure","10","10","534","4032","4566","4027","4561","01","01","01","01","01","01"
"125","SUCCESS","36","36","704","1407","2111","1402","2106","01","01","01","01","01","01"
"126","SUCCESS","51","51","668","1035","1703","1030","1698","01","01","01","01","01","01"
"127","Failure","46","46","813","2258","3071","2253","3066","01","01","01","01","01","01"
"128","Failure","32","32","494","2427","2921","2422","2916","01","01","01","01","01","01"
"129","SUCCESS","21","21","394","1568","1962","1563","1957","01","01","01","01","01","01"
"130","Failure","20","20","873","1417","2290","1412","2285","01","01","01","01","01","01"
"131","SUCCESS","39","39","647","704","1351","699","1346","01","01","01","01","01","01"
"132","SUCCESS","37","37","584","1520","2104","1515","2099","01","01","01","01","01","01"
"133","SUCCESS","43","43","767","608","1375","603","1370","01","01","01","01","01","01"
"134","SUCCESS","41","41","862","05","867","00","862","01","01","01","01","01","01"
"135","Failure","05","05","974","1407","2381","1402","2376","01","01","01","01","01","01"
"136","Failure","38","38","537","1944","2481","1939","2476","01","01","01","01","01","01"
"137","Failure","37","37","573","2104","2677","2099","2672","01","01","01","01","01","01"
"138","Failure","14","14","459","2104","2563","2099","2558","01","01","01","01","01","01"
"139","SUCCESS","12","12","943","1085","2028","1080","2023","01","01","01","01","01","01"
"140","Failure","33","33","127","2489","2616","2484","2611","01","01","01","01","01","01"
"141","Failure","10","10","974","4566","5540","4561","5535","01","01","01","01","01","01"
"142","SUCCESS","28","28","792","945","1737","940","1732","01","01","01","01","01","01"
"143","Failure","35","35","689","2700","3389","2695","3384","01","01","01","01","01","01"
"144","SUCCESS","48","48","123","1013","1136","1008","1131","01","01","01","01","01","01"
"145","Failure","06","06","1253","3274","4527","3269","4522","01","01","01","01","01","01"
"146","Failure","32","32","478","2921","3399","2916","3394","01","01","01","01","01","01"
"147","Failure","32","32","581","3399","3980","3394","3975","01","01","01","01","01","01"
"148","SUCCESS","30","30","436","1557","1993","1552","1988","01","01","01","01","01","01"
"149","SUCCESS","25","25","355","445","800","440","795","01","01","01","01","01","01"
"150","Failure","43","43","915","1375","2290","1370","2285","01","01","01","01","01","01"
"151","Failure","38","38","606","2481","3087","2476","3082","01","01","01","01","01","01"
"152","SUCCESS","39","39","541","1351","1892","1346","1887","01","01","01","01","01","01"
"153","SUCCESS","26","26","561","627","1188","622","1183","01","01","01","01","01","01"
"154","SUCCESS","16","16","419","800","1219","795","1214","01","01","01","01","01","01"
"155","Failure","36","36","679","2111","2790","2106","2785","01","01","01","01","01","01"
"156","Failure","17","17","781","2002","2783","1997","2778","01","01","01","01","01","01"
"157","Failure","44","44","583","2981","3564","2976","3559","01","01","01","01","01","01"
"158","Failure","46","46","485","3071","3556","3066","3551","01","01","01","01","01","01"
"159","Failure","45","45","830","2689","3519","2684","3514","01","01","01","01","01","01"
"160","SUCCESS","13","13","414","637","1051","632","1046","01","01","01","01","01","01"
"161","SUCCESS","34","34","596","05","601","00","596","01","01","01","01","01","01"
"162","Failure","33","33","321","2616","2937","2611","2932","01","01","01","01","01","01"
"163","Failure","43","43","518","2290","2808","2285","2803","01","01","01","01","01","01"
"164","SUCCESS","08","08","687","1086","1773","1081","1768","01","01","01","01","01","01"
"165","Failure","24","24","367","2502","2869","2497","2864","01","01","01","01","01","01"
"166","SUCCESS","49","49","365","1640","2005","1635","2000","01","01","01","01","01","01"
"167","Failure","28","28","684","1737","2421","1732","2416","01","01","01","01","01","01"
"168","SUCCESS","41","41","276","867","1143","862","1138","01","01","01","01","01","01"
"169","SUCCESS","07","07","310","903","1213","898","1208","01","01","01","01","01","01"
"170","Failure","22","22","475","2507","2982","2502","2977","01","01","01","01","01","01"
"171","SUCCESS","25","25","618","800","1418","795","1413","01","01","01","01","01","01"
"172","Failure","06","06","1322","4527","5849","4522","5844","01","01","01","01","01","01"
"173","Failure","33","33","642","2937","3579","2932","3574","01","01","01","01","01","01"
"174","Failure","47","47","555","2345","2900","2340","2895","01","01","01","01","01","01"
"175","SUCCESS","15","15","878","914","1792","909","1787","01","01","01","01","01","01"
"176","SUCCESS","02","02","1339","05","1344","00","1339","01","01","01","01","01","01"
"177","SUCCESS","09","09","565","987","1552","982","1547","01","01","01","01","01","01"
"178","SUCCESS","08","08","302","1773","2075","1768","2070","01","01","01","01","01","01"
"179","SUCCESS","19","19","223","367","590","362","585","01","01","01","01","01","01"
"180","Failure","22","22","357","2982","3339","2977","3334","01","01","01","01","01","01"
"181","Failure","38","38","638","3087","3725","3082","3720","01","01","01","01","01","01"
"182","Failure","35","35","607","3389","3996","3384","3991","01","01","01","01","01","01"
"183","Failure","12","12","588","2028","2616","2023","2611","01","01","01","01","01","01"
"184","Failure","24","24","860","2869","3729","2864","3724","01","01","01","01","01","01"
"185","Failure","46","46","441","3556","3997","3551","3992","01","01","01","01","01","01"
"186","Failure","17","17","799","2783","3582","2778","3577","01","01","01","01","01","01"
"187","Failure","24","24","411","3729","4140","3724","4135","01","01","01","01","01","01"
"188","Failure","32","32","670","3980","4650","3975","4645","01","01","01","01","01","01"
"189","Failure","12","12","650","2616","3266","2611","3261","01","01","01","01","01","01"
"190","Failure","39","39","681","1892","2573","1887","2568","01","01","01","01","01","01"
"191","Failure","45","45","648","3519","4167","3514","4162","01","01","01","01","01","01"
"192","SUCCESS","19","19","975","590","1565","585","1560","01","01","01","01","01","01"
"193","SUCCESS","26","26","651","1188","1839","1183","1834","01","01","01","01","01","01"
"194","SUCCESS","16","16","595","1219","1814","1214","1809","01","01","01","01","01","01"
"195","SUCCESS","51","51","362","1703","2065","1698","2060","01","01","01","01","01","01"
"196","SUCCESS","50","50","833","1131","1964","1126","1959","01","01","01","01","01","01"
"197","SUCCESS","07","07","941","1213","2154","1208","2149","01","01","01","01","01","01"
"198","Failure","47","47","352","2900","3252","2895","3247","01","01","01","01","01","01"
"199","Failure","02","02","861","1344","2205","1339","2200","01","01","01","01","01","01"
"200","Failure","44","44","466","3564","4030","3559","4025","01","01","01","01","01","01"
"201","Failure","21","21","242","1962","2204","1957","2199","01","01","01","01","01","01"
"202","Failure","32","32","574","4650","5224","4645","5219","01","01","01","01","01","01"
"203","Failure","14","14","648","2563","3211","2558","3206","01","01","01","01","01","01"
"204","Failure","31","31","416","2014","2430","2009","2425","01","01","01","01","01","01"
"205","Failure","02","02","1549","2205","3754","2200","3749","01","01","01","01","01","01"
"206","Failure","45","45","238","4167","4405","4162","4400","01","01","01","01","01","01"
"207","SUCCESS","48","48","890","1136","2026","1131","2021","01","01","01","01","01","01"
"208","SUCCESS","15","15","195","1792","1987","1787","1982","01","01","01","01","01","01"
"209","Failure","05","05","1194","2381","3575","2376","3570","01","01","01","01","01","01"
"210","Failure","22","22","318","3339","3657","3334","3652","01","01","01","01","01","01"
"211","Failure","50","50","566","1964","2530","1959","2525","01","01","01","01","01","01"
"212","Failure","15","15","766","1987","2753","1982","2748","01","01","01","01","01","01"
"213","Failure","49","49","634","2005","2639","2000","2634","01","01","01","01","01","01"
"214","Failure","35","35","522","3996","4518","3991","4513","01","01","01","01","01","01"
"215","Failure","31","31","509","2430","2939","2425","2934","01","01","01","01","01","01"
"216","Failure","27","27","825","1555","2380","1550","2375","01","01","01","01","01","01"
"217","Failure","42","42","714","2669","3383","2664","3378","01","01","01","01","01","01"
"218","SUCCESS","41","41","356","1143","1499","1138","1494","01","01","01","01","01","01"
"219","SUCCESS","23","23","751","05","756","00","751","01","01","01","01","01","01"
"220","Failure","28","28","174","2421","2595","2416","2590","01","01","01","01","01","01"
"221","Failure","49","49","593","2639","3232","2634","3227","01","01","01","01","01","01"
"222","SUCCESS","09","09","512","1552","2064","1547","2059","01","01","01","01","01","01"
"223","Failure","30","30","710","1993","2703","1988","2698","01","01","01","01","01","01"
"224","SUCCESS","25","25","658","1418","2076","1413","2071","01","01","01","01","01","01"
"225","Failure","15","15","221","2753","2974","2748","2969","01","01","01","01","01","01"
"226","Failure","25","25","532","2076","2608","2071","2603","01","01","01","01","01","01"
"227","Failure","44","44","753","4030","4783","4025","4778","01","01","01","01","01","01"
"228","Failure","48","48","445","2026","2471","2021","2466","01","01","01","01","01","01"
"229","Failure","10","10","861","5540","6401","5535","6396","01","01","01","01","01","01"
"230","Failure","12","12","214","3266","3480","3261","3475","01","01","01","01","01","01"
"231","SUCCESS","23","23","679","756","1435","751","1430","01","01","01","01","01","01"
"232","SUCCESS","13","13","817","1051","1868","1046","1863","01","01","01","01","01","01"
"233","Failure","46","46","735","3997","4732","3992","4727","01","01","01","01","01","01"
"234","Failure","12","12","595","3480","4075","3475","4070","01","01","01","01","01","01"
"235","Failure","17","17","572","3582","4154","3577","4149","01","01","01","01","01","01"
"236","SUCCESS","23","23","494","1435","1929","1430","1924","01","01","01","01","01","01"
"237","Failure","37","37","703","2677","3380","2672","3375","01","01","01","01","01","01"
"238","Failure","21","21","491","2204","2695","2199","2690","01","01","01","01","01","01"
"239","Failure","14","14","781","3211","3992","3206","3987","01","01","01","01","01","01"
"240","SUCCESS","18","18","498","1408","1906","1403","1901","01","01","01","01","01","01"
"241","Failure","33","33","388","3579","3967","3574","3962","01","01","01","01","01","01"
"242","Failure","33","33","443","3967","4410","3962","4405","01","01","01","01","01","01"
"243","Failure","33","33","734","4410","5144","4405","5139","01","01","01","01","01","01"
"244","Failure","09","09","394","2064","2458","2059","2453","01","01","01","01","01","01"
"245","Failure","40","40","787","2966","3753","2961","3748","01","01","01","01","01","01"
"246","Failure","33","33","567","5144","5711","5139","5706","01","01","01","01","01","01"
"247","Failure","25","25","490","2608","3098","2603","3093","01","01","01","01","01","01"
"248","Failure","16","16","428","1814","2242","1809","2237","01","01","01","01","01","01"
"249","Failure","21","21","468","2695","3163","2690","3158","01","01","01","01","01","01"
"250","Failure","25","25","689","3098","3787","3093","3782","01","01","01","01","01","01"
"251","Failure","28","28","333","2595","2928","2590","2923","01","01","01","01","01","01"
"252","Failure","09","09","439","2458","2897","2453","2892","01","01","01","01","01","01"
"253","Failure","35","35","441","4518","4959","4513","4954","01","01","01","01","01","01"
"254","Failure","12","12","812","4075","4887","4070","4882","01","01","01","01","01","01"
"255","Failure","43","43","615","2808","3423","2803","3418","01","01","01","01","01","01"
"256","Failure","25","25","649","3787","4436","3782","4431","01","01","01","01","01","01"
"257","Failure","03","03","1282","3339","4621","3334","4616","01","01","01","01","01","01"
"258","Failure","27","27","538","2380","2918","2375","2913","01","01","01","01","01","01"
"259","Failure","26","26","429","1839","2268","1834","2263","01","01","01","01","01","01"
"260","Failure","47","47","761","3252","4013","3247","4008","01","01","01","01","01","01"
"261","Failure","33","33","395","5711","6106","5706","6101","01","01","01","01","01","01"
"262","Failure","20","20","688","2290","2978","2285","2973","01","01","01","01","01","01"
"263","Failure","35","35","1087","4959","6046","4954","6041","01","01","01","01","01","01"
"264","SUCCESS","29","29","554","1416","1970","1411","1965","01","01","01","01","01","01"
"265","Failure","04","04","1289","1609","2898","1604","2893","01","01","01","01","01","01"
"266","Failure","35","35","479","6046","6525","6041","6520","01","01","01","01","01","01"
"267","Failure","02","02","1063","3754","4817","3749","4812","01","01","01","01","01","01"
"268","Failure","32","32","207","5224","5431","5219","5426","01","01","01","01","01","01"
"269","Failure","33","33","614","6106","6720","6101","6715","01","01","01","01","01","01"
"270","Failure","06","06","1308","5849","7157","5844","7152","01","01","01","01","01","01"
"271","Failure","26","26","419","2268","2687","2263","2682","01","01","01","01","01","01"
"272","Failure","27","27","182","2918","3100","2913","3095","01","01","01","01","01","01"
"273","Failure","17","17","573","4154","4727","4149","4722","01","01","01","01","01","01"
"274","Failure","40","40","487","3753","4240","3748","4235","01","01","01","01","01","01"
"275","Failure","32","32","303","5431","5734","5426","5729","01","01","01","01","01","01"
"276","Failure","22","22","634","3657","4291","3652","4286","01","01","01","01","01","01"
"277","Failure","44","44","615","4783","5398","4778","5393","01","01","01","01","01","01"
"278","Failure","47","47","931","4013","4944","4008","4939","01","01","01","01","01","01"
"279","Failure","31","31","1028","2939","3967","2934","3962","01","01","01","01","01","01"
"280","Failure","44","44","921","5398","6319","5393","6314","01","01","01","01","01","01"
"281","Failure","10","10","518","6401","6919","6396","6914","01","01","01","01","01","01"
"282","Failure","18","18","529","1906","2435","1901","2430","01","01","01","01","01","01"
"283","Failure","35","35","717","6525","7242","6520","7237","01","01","01","01","01","01"
"284","Failure","27","27","803","3100","3903","3095","3898","01","01","01","01","01","01"
"285","Failure","04","04","899","2898","3797","2893","3792","01","01","01","01","01","01"
"286","Failure","49","49","825","3232","4057","3227","4052","01","01","01","01","01","01"
"287","Failure","13","13","459","1868","2327","1863","2322","01","01","01","01","01","01"
"288","Failure","18","18","666","2435","3101","2430","3096","01","01","01","01","01","01"
"289","Failure","06","06","959","7157","8116","7152","8111","01","01","01","01","01","01"
"290","Failure","13","13","903","2327","3230","2322","3225","01","01","01","01","01","01"
"291","Failure","24","24","586","4140","4726","4135","4721","01","01","01","01","01","01"
"292","Failure","15","15","751","2974","3725","2969","3720","01","01","01","01","01","01"
"293","SUCCESS","19","19","580","1565","2145","1560","2140","01","01","01","01","01","01"
"294","Failure","18","18","592","3101","3693","3096","3688","01","01","01","01","01","01"
"295","Failure","37","37","756","3380","4136","3375","4131","01","01","01","01","01","01"
"296","Failure","24","24","420","4726","5146","4721","5141","01","01","01","01","01","01"
"297","Failure","30","30","285","2703","2988","2698","2983","01","01","01","01","01","01"
"298","Failure","51","51","1000","2065","3065","2060","3060","01","01","01","01","01","01"
"299","Failure","37","37","861","4136","4997","4131","4992","01","01","01","01","01","01"
"300","SUCCESS","11","11","729","525","1254","520","1249","01","01","01","01","01","01"
"301","Failure","02","02","1552","4817","6369","4812","6364","01","01","01","01","01","01"
"302","Failure","40","40","649","4240","4889","4235","4884","01","01","01","01","01","01"
"303","Failure","13","13","613","3230","3843","3225","3838","01","01","01","01","01","01"
"304","SUCCESS","34","34","409","601","1010","596","1005","01","01","01","01","01","01"
"305","Failure","48","48","407","2471","2878","2466","2873","01","01","01","01","01","01"
"306","Failure","12","12","894","4887","5781","4882","5776","01","01","01","01","01","01"
"307","Failure","18","18","721","3693","4414","3688","4409","01","01","01","01","01","01"
"308","Failure","04","04","1267","3797","5064","3792","5059","01","01","01","01","01","01"
"309","Failure","10","10","337","6919","7256","6914","7251","01","01","01","01","01","01"
"310","Failure","08","08","718","2075","2793","2070","2788","01","01","01","01","01","01"
"311","Failure","10","10","508","7256","7764","7251","7759","01","01","01","01","01","01"
"312","Failure","39","39","643","2573","3216","2568","3211","01","01","01","01","01","01"
"313","Failure","16","16","388","2242","2630","2237","2625","01","01","01","01","01","01"
"314","Failure","18","18","530","4414","4944","4409","4939","01","01","01","01","01","01"
"315","Failure","19","19","824","2145","2969","2140","2964","01","01","01","01","01","01"
"316","Failure","45","45","425","4405","4830","4400","4825","01","01","01","01","01","01"
"317","Failure","46","46","134","4732","4866","4727","4861","01","01","01","01","01","01"
"318","Failure","44","44","489","6319","6808","6314","6803","01","01","01","01","01","01"
"319","Failure","42","42","364","3383","3747","3378","3742","01","01","01","01","01","01"
"320","Failure","06","06","852","8116","8968","8111","8963","01","01","01","01","01","01"
"321","Failure","38","38","1097","3725","4822","3720","4817","01","01","01","01","01","01"
"322","Failure","33","33","670","6720","7390","6715","7385","01","01","01","01","01","01"
"323","SUCCESS","29","29","158","1970","2128","1965","2123","01","01","01","01","01","01"
"324","Failure","20","20","771","2978","3749","2973","3744","01","01","01","01","01","01"
"325","Failure","36","36","592","2790","3382","2785","3377","01","01","01","01","01","01"
"326","Failure","02","02","858","6369","7227","6364","7222","01","01","01","01","01","01"
"327","Failure","48","48","533","2878","3411","2873","3406","01","01","01","01","01","01"
"328","Failure","40","40","352","4889","5241","4884","5236","01","01","01","01","01","01"
"329","SUCCESS","34","34","401","1010","1411","1005","1406","01","01","01","01","01","01"
"330","Failure","21","21","1024","3163","4187","3158","4182","01","01","01","01","01","01"
"331","Failure","24","24","507","5146","5653","5141","5648","01","01","01","01","01","01"
"332","Failure","47","47","724","4944","5668","4939","5663","01","01","01","01","01","01"
"333","Failure","28","28","726","2928","3654","2923","3649","01","01","01","01","01","01"
"334","Failure","05","05","1884","3575","5459","3570","5454","01","01","01","01","01","01"
"335","Failure","13","13","491","3843","4334","3838","4329","01","01","01","01","01","01"
"336","Failure","19","19","803","2969","3772","2964","3767","01","01","01","01","01","01"
"337","Failure","29","29","431","2128","2559","2123","2554","01","01","01","01","01","01"
"338","Failure","17","17","947","4727","5674","4722","5669","01","01","01","01","01","01"
"339","Failure","23","23","623","1929","2552","1924","2547","01","01","01","01","01","01"
"340","Failure","24","24","769","5653","6422","5648","6417","01","01","01","01","01","01"
"341","Failure","44","44","432","6808","7240","6803","7235","01","01","01","01","01","01"
"342","Failure","42","42","565","3747","4312","3742","4307","01","01","01","01","01","01"
"343","Failure","21","21","539","4187","4726","4182","4721","01","01","01","01","01","01"
"344","Failure","17","17","866","5674","6540","5669","6535","01","01","01","01","01","01"
"345","Failure","50","50","452","2530","2982","2525","2977","01","01","01","01","01","01"
"346","Failure","02","02","1001","7227","8228","7222","8223","01","01","01","01","01","01"
"347","Failure","18","18","409","4944","5353","4939","5348","01","01","01","01","01","01"
"348","Failure","33","33","672","7390","8062","7385","8057","01","01","01","01","01","01"
"349","Failure","18","18","216","5353","5569","5348","5564","01","01","01","01","01","01"
"350","Failure","40","40","270","5241","5511","5236","5506","01","01","01","01","01","01"
"351","Failure","06","06","725","8968","9693","8963","9688","01","01","01","01","01","01"
"352","Failure","10","10","740","7764","8504","7759","8499","01","01","01","01","01","01"
"353","Failure","20","20","733","3749","4482","3744","4477","01","01","01","01","01","01"
"354","Failure","42","42","247","4312","4559","4307","4554","01","01","01","01","01","01"
"355","Failure","17","17","904","6540","7444","6535","7439","01","01","01","01","01","01"
"356","Failure","16","16","209","2630","2839","2625","2834","01","01","01","01","01","01"
"357","Failure","13","13","350","4334","4684","4329","4679","01","01","01","01","01","01"
"358","Failure","19","19","508","3772","4280","3767","4275","01","01","01","01","01","01"
"359","Failure","33","33","575","8062","8637","8057","8632","01","01","01","01","01","01"
"360","Failure","38","38","324","4822","5146","4817","5141","01","01","01","01","01","01"
"361","Failure","37","37","770","4997","5767","4992","5762","01","01","01","01","01","01"
"362","Failure","18","18","366","5569","5935","5564","5930","01","01","01","01","01","01"
"363","Failure","35","35","271","7242","7513","7237","7508","01","01","01","01","01","01"
"364","Failure","02","02","1383","8228","9611","8223","9606","01","01","01","01","01","01"
"365","Failure","35","35","525","7513","8038","7508","8033","01","01","01","01","01","01"
"366","Failure","30","30","310","2988","3298","2983","3293","01","01","01","01","01","01"
"367","Failure","31","31","315","3967","4282","3962","4277","01","01","01","01","01","01"
"368","Failure","12","12","693","5781","6474","5776","6469","01","01","01","01","01","01"
"369","Failure","34","34","837","1411","2248","1406","2243","01","01","01","01","01","01"
"370","Failure","33","33","704","8637","9341","8632","9336","01","01","01","01","01","01"
"371","Failure","13","13","793","4684","5477","4679","5472","01","01","01","01","01","01"
"372","SUCCESS","11","11","641","1254","1895","1249","1890","01","01","01","01","01","01"
"373","Failure","02","02","1281","9611","10892","9606","10887","01","01","01","01","01","01"
"374","Failure","29","29","1013","2559","3572","2554","3567","01","01","01","01","01","01"
"375","Failure","48","48","571","3411","3982","3406","3977","01","01","01","01","01","01"
"376","Failure","07","07","617","2154","2771","2149","2766","01","01","01","01","01","01"
"377","Failure","14","14","665","3992","4657","3987","4652","01","01","01","01","01","01"
"378","Failure","38","38","451","5146","5597","5141","5592","01","01","01","01","01","01"
"379","Failure","30","30","938","3298","4236","3293","4231","01","01","01","01","01","01"
"380","Failure","07","07","970","2771","3741","2766","3736","01","01","01","01","01","01"
"381","Failure","20","20","307","4482","4789","4477","4784","01","01","01","01","01","01"
"382","Failure","49","49","542","4057","4599","4052","4594","01","01","01","01","01","01"
"383","Failure","19","19","508","4280","4788","4275","4783","01","01","01","01","01","01"
"384","Failure","41","41","768","1499","2267","1494","2262","01","01","01","01","01","01"
"385","Failure","34","34","564","2248","2812","2243","2807","01","01","01","01","01","01"
"386","Failure","02","02","1200","10892","12092","10887","12087","01","01","01","01","01","01"
"387","Failure","28","28","354","3654","4008","3649","4003","01","01","01","01","01","01"
"388","Failure","48","48","699","3982","4681","3977","4676","01","01","01","01","01","01"
"389","Failure","48","48","307","4681","4988","4676","4983","01","01","01","01","01","01"
"390","Failure","22","22","357","4291","4648","4286","4643","01","01","01","01","01","01"
"391","Failure","48","48","242","4988","5230","4983","5225","01","01","01","01","01","01"
"392","Failure","29","29","525","3572","4097","3567","4092","01","01","01","01","01","01"
"393","Failure","08","08","537","2793","3330","2788","3325","01","01","01","01","01","01"
"394","Failure","33","33","557","9341","9898","9336","9893","01","01","01","01","01","01"
"395","Failure","25","25","204","4436","4640","4431","4635","01","01","01","01","01","01"
"396","Failure","16","16","317","2839","3156","2834","3151","01","01","01","01","01","01"
"397","Failure","21","21","1070","4726","5796","4721","5791","01","01","01","01","01","01"
"398","Failure","43","43","365","3423","3788","3418","3783","01","01","01","01","01","01"
"399","Failure","10","10","299","8504","8803","8499","8798","01","01","01","01","01","01"
"400","Failure","28","28","829","4008","4837","4003","4832","01","01","01","01","01","01"
"401","Failure","27","27","321","3903","4224","3898","4219","01","01","01","01","01","01"
"402","Failure","51","51","693","3065","3758","3060","3753","01","01","01","01","01","01"
"403","Failure","21","21","287","5796","6083","5791","6078","01","01","01","01","01","01"
"404","Failure","16","16","136","3156","3292","3151","3287","01","01","01","01","01","01"
"405","Failure","51","51","764","3758","4522","3753","4517","01","01","01","01","01","01"
"406","Failure","14","14","673","4657","5330","4652","5325","01","01","01","01","01","01"
"407","Failure","06","06","818","9693","10511","9688","10506","01","01","01","01","01","01"
"408","Failure","27","27","659","4224","4883","4219","4878","01","01","01","01","01","01"
"409","Failure","48","48","764","5230","5994","5225","5989","01","01","01","01","01","01"
"410","Failure","46","46","742","4866","5608","4861","5603","01","01","01","01","01","01"
"411","Failure","30","30","422","4236","4658","4231","4653","01","01","01","01","01","01"
"412","Failure","49","49","524","4599","5123","4594","5118","01","01","01","01","01","01"
"413","Failure","34","34","605","2812","3417","2807","3412","01","01","01","01","01","01"
"414","Failure","27","27","654","4883","5537","4878","5532","01","01","01","01","01","01"
"415","Failure","10","10","584","8803","9387","8798","9382","01","01","01","01","01","01"
"416","Failure","40","40","968","5511","6479","5506","6474","01","01","01","01","01","01"
"417","Failure","09","09","766","2897","3663","2892","3658","01","01","01","01","01","01"
"418","Failure","05","05","1655","5459","7114","5454","7109","01","01","01","01","01","01"
"419","Failure","50","50","275","2982","3257","2977","3252","01","01","01","01","01","01"
"420","Failure","13","13","313","5477","5790","5472","5785","01","01","01","01","01","01"
"421","Failure","20","20","790","4789","5579","4784","5574","01","01","01","01","01","01"
"422","Failure","42","42","321","4559","4880","4554","4875","01","01","01","01","01","01"
"423","Failure","44","44","568","7240","7808","7235","7803","01","01","01","01","01","01"
"424","Failure","15","15","401","3725","4126","3720","4121","01","01","01","01","01","01"
"425","Failure","23","23","350","2552","2902","2547","2897","01","01","01","01","01","01"
"426","Failure","49","49","755","5123","5878","5118","5873","01","01","01","01","01","01"
"427","Failure","46","46","356","5608","5964","5603","5959","01","01","01","01","01","01"
"428","Failure","24","24","243","6422","6665","6417","6660","01","01","01","01","01","01"
"429","Failure","02","02","1542","12092","13634","12087","13629","01","01","01","01","01","01"
"430","Failure","03","03","1189","4621","5810","4616","5805","01","01","01","01","01","01"
"431","Failure","10","10","1074","9387","10461","9382","10456","01","01","01","01","01","01"
"432","Failure","06","06","625","10511","11136","10506","11131","01","01","01","01","01","01"
"433","Failure","48","48","703","5994","6697","5989","6692","01","01","01","01","01","01"
"434","Failure","07","07","768","3741","4509","3736","4504","01","01","01","01","01","01"
"435","Failure","42","42","269","4880","5149","4875","5144","01","01","01","01","01","01"
"436","Failure","26","26","730","2687","3417","2682","3412","01","01","01","01","01","01"
"437","Failure","41","41","569","2267","2836","2262","2831","01","01","01","01","01","01"
"438","Failure","33","33","804","9898","10702","9893","10697","01","01","01","01","01","01"
"439","Failure","48","48","664","6697","7361","6692","7356","01","01","01","01","01","01"
"440","Failure","36","36","590","3382","3972","3377","3967","01","01","01","01","01","01"
"441","Failure","39","39","467","3216","3683","3211","3678","01","01","01","01","01","01"
"442","Failure","31","31","477","4282","4759","4277","4754","01","01","01","01","01","01"
"443","Failure","43","43","473","3788","4261","3783","4256","01","01","01","01","01","01"
"444","Failure","19","19","455","4788","5243","4783","5238","01","01","01","01","01","01"
"445","Failure","22","22","936","4648","5584","4643","5579","01","01","01","01","01","01"
"446","Failure","44","44","647","7808","8455","7803","8450","01","01","01","01","01","01"
"447","Failure","09","09","757","3663","4420","3658","4415","01","01","01","01","01","01"
"448","Failure","24","24","597","6665","7262","6660","7257","01","01","01","01","01","01"
"449","Failure","06","06","264","11136","11400","11131","11395","01","01","01","01","01","01"
"450","Failure","02","02","904","13634","14538","13629","14533","01","01","01","01","01","01"
"451","Failure","28","28","629","4837","5466","4832","5461","01","01","01","01","01","01"
"452","Failure","38","38","707","5597","6304","5592","6299","01","01","01","01","01","01"
"453","Failure","20","20","328","5579","5907","5574","5902","01","01","01","01","01","01"
"454","Failure","17","17","860","7444","8304","7439","8299","01","01","01","01","01","01"
"455","Failure","30","30","747","4658","5405","4653","5400","01","01","01","01","01","01"
"456","Failure","41","41","689","2836","3525","2831","3520","01","01","01","01","01","01"
"457","Failure","28","28","689","5466","6155","5461","6150","01","01","01","01","01","01"
"458","Failure","25","25","545","4640","5185","4635","5180","01","01","01","01","01","01"
"459","Failure","27","27","309","5537","5846","5532","5841","01","01","01","01","01","01"
"460","Failure","38","38","695","6304","6999","6299","6994","01","01","01","01","01","01"
"461","Failure","13","13","715","5790","6505","5785","6500","01","01","01","01","01","01"
"462","Failure","35","35","351","8038","8389","8033","8384","01","01","01","01","01","01"
"463","Failure","05","05","571","7114","7685","7109","7680","01","01","01","01","01","01"
"464","Failure","22","22","545","5584","6129","5579","6124","01","01","01","01","01","01"
"465","Failure","03","03","1762","5810","7572","5805","7567","01","01","01","01","01","01"
"466","Failure","18","18","684","5935","6619","5930","6614","01","01","01","01","01","01"
"467","Failure","46","46","385","5964","6349","5959","6344","01","01","01","01","01","01"
"468","Failure","04","04","518","5064","5582","5059","5577","01","01","01","01","01","01"
"469","Failure","39","39","260","3683","3943","3678","3938","01","01","01","01","01","01"
"470","Failure","04","04","906","5582","6488","5577","6483","01","01","01","01","01","01"
"471","Failure","38","38","477","6999","7476","6994","7471","01","01","01","01","01","01"
"472","Failure","43","43","684","4261","4945","4256","4940","01","01","01","01","01","01"
"473","Failure","51","51","475","4522","4997","4517","4992","01","01","01","01","01","01"
"474","Failure","18","18","531","6619","7150","6614","7145","01","01","01","01","01","01"
"475","Failure","26","26","508","3417","3925","3412","3920","01","01","01","01","01","01"
"476","Failure","51","51","1037","4997","6034","4992","6029","01","01","01","01","01","01"
"477","Failure","38","38","823","7476","8299","7471","8294","01","01","01","01","01","01"
"478","Failure","39","39","582","3943","4525","3938","4520","01","01","01","01","01","01"
"479","Failure","47","47","844","5668","6512","5663","6507","01","01","01","01","01","01"
"480","Failure","04","04","2149","6488","8637","6483","8632","01","01","01","01","01","01"
"481","Failure","17","17","304","8304","8608","8299","8603","01","01","01","01","01","01"
"482","Failure","49","49","450","5878","6328","5873","6323","01","01","01","01","01","01"
"483","Failure","21","21","446","6083","6529","6078","6524","01","01","01","01","01","01"
"484","Failure","17","17","644","8608","9252","8603","9247","01","01","01","01","01","01"
"485","Failure","39","39","223","4525","4748","4520","4743","01","01","01","01","01","01"
"486","Failure","46","46","742","6349","7091","6344","7086","01","01","01","01","01","01"
"487","Failure","08","08","424","3330","3754","3325","3749","01","01","01","01","01","01"
"488","Failure","08","08","484","3754","4238","3749","4233","01","01","01","01","01","01"
"489","Failure","21","21","404","6529","6933","6524","6928","01","01","01","01","01","01"
"490","Failure","45","45","979","4830","5809","4825","5804","01","01","01","01","01","01"
"491","Failure","18","18","882","7150","8032","7145","8027","01","01","01","01","01","01"
"492","Failure","36","36","371","3972","4343","3967","4338","01","01","01","01","01","01"
"493","Failure","34","34","559","3417","3976","3412","3971","01","01","01","01","01","01"
"494","Failure","24","24","286","7262","7548","7257","7543","01","01","01","01","01","01"
"495","Failure","40","40","588","6479","7067","6474","7062","01","01","01","01","01","01"
"496","Failure","51","51","329","6034","6363","6029","6358","01","01","01","01","01","01"
"497","Failure","26","26","973","3925","4898","3920","4893","01","01","01","01","01","01"
"498","Failure","32","32","789","5734","6523","5729","6518","01","01","01","01","01","01"
"499","Failure","45","45","769","5809","6578","5804","6573","01","01","01","01","01","01"
"500","Failure","28","28","605","6155","6760","6150","6755","01","01","01","01","01","01"
"501","Failure","23","23","959","2902","3861","2897","3856","01","01","01","01","01","01"
"502","Failure","29","29","638","4097","4735","4092","4730","01","01","01","01","01","01"
"503","Failure","33","33","528","10702","11230","10697","11225","01","01","01","01","01","01"
"504","Failure","25","25","333","5185","5518","5180","5513","01","01","01","01","01","01"
"505","Failure","05","05","1077","7685","8762","7680","8757","01","01","01","01","01","01"
"506","Failure","13","13","542","6505","7047","6500","7042","01","01","01","01","01","01"
"507","Failure","23","23","432","3861","4293","3856","4288","01","01","01","01","01","01"
"508","Failure","45","45","176","6578","6754","6573","6749","01","01","01","01","01","01"
"509","Failure","05","05","1350","8762","10112","8757","10107","01","01","01","01","01","01"
"510","Failure","12","12","872","6474","7346","6469","7341","01","01","01","01","01","01"
"511","Failure","24","24","263","7548","7811","7543","7806","01","01","01","01","01","01"
"512","Failure","03","03","901","7572","8473","7567","8468","01","01","01","01","01","01"
"513","Failure","36","36","790","4343","5133","4338","5128","01","01","01","01","01","01"
"514","Failure","16","16","529","3292","3821","3287","3816","01","01","01","01","01","01"
"515","Failure","39","39","491","4748","5239","4743","5234","01","01","01","01","01","01"
"516","Failure","13","13","991","7047","8038","7042","8033","01","01","01","01","01","01"
"517","Failure","24","24","632","7811","8443","7806","8438","01","01","01","01","01","01"
"518","Failure","40","40","559","7067","7626","7062","7621","01","01","01","01","01","01"
"519","Failure","06","06","472","11400","11872","11395","11867","01","01","01","01","01","01"
"520","Failure","05","05","1192","10112","11304","10107","11299","01","01","01","01","01","01"
"521","Failure","46","46","483","7091","7574","7086","7569","01","01","01","01","01","01"
"522","Failure","24","24","723","8443","9166","8438","9161","01","01","01","01","01","01"
"523","Failure","46","46","549","7574","8123","7569","8118","01","01","01","01","01","01"
"524","Failure","19","19","643","5243","5886","5238","5881","01","01","01","01","01","01"
"525","Failure","17","17","840","9252","10092","9247","10087","01","01","01","01","01","01"
"526","Failure","32","32","226","6523","6749","6518","6744","01","01","01","01","01","01"
"527","Failure","50","50","969","3257","4226","3252","4221","01","01","01","01","01","01"
"528","Failure","49","49","749","6328","7077","6323","7072","01","01","01","01","01","01"
"529","Failure","50","50","628","4226","4854","4221","4849","01","01","01","01","01","01"
"530","Failure","41","41","989","3525","4514","3520","4509","01","01","01","01","01","01"
"531","Failure","26","26","418","4898","5316","4893","5311","01","01","01","01","01","01"
"532","Failure","49","49","809","7077","7886","7072","7881","01","01","01","01","01","01"
"533","Failure","49","49","660","7886","8546","7881","8541","01","01","01","01","01","01"
"534","Failure","10","10","489","10461","10950","10456","10945","01","01","01","01","01","01"
"535","Failure","36","36","544","5133","5677","5128","5672","01","01","01","01","01","01"
"536","Failure","16","16","112","3821","3933","3816","3928","01","01","01","01","01","01"
"537","Failure","28","28","767","6760","7527","6755","7522","01","01","01","01","01","01"
"538","Failure","13","13","749","8038","8787","8033","8782","01","01","01","01","01","01"
"539","Failure","26","26","521","5316","5837","5311","5832","01","01","01","01","01","01"
"540","Failure","29","29","591","4735","5326","4730","5321","01","01","01","01","01","01"
"541","Failure","03","03","1521","8473","9994","8468","9989","01","01","01","01","01","01"
"542","Failure","03","03","623","9994","10617","9989","10612","01","01","01","01","01","01"
"543","Failure","30","30","786","5405","6191","5400","6186","01","01","01","01","01","01"
"544","Failure","47","47","517","6512","7029","6507","7024","01","01","01","01","01","01"
"545","Failure","29","29","462","5326","5788","5321","5783","01","01","01","01","01","01"
"546","Failure","49","49","480","8546","9026","8541","9021","01","01","01","01","01","01"
"547","Failure","25","25","852","5518","6370","5513","6365","01","01","01","01","01","01"
"548","Failure","23","23","544","4293","4837","4288","4832","01","01","01","01","01","01"
"549","Failure","41","41","1061","4514","5575","4509","5570","01","01","01","01","01","01"
"550","Failure","44","44","657","8455","9112","8450","9107","01","01","01","01","01","01"
"551","Failure","41","41","282","5575","5857","5570","5852","01","01","01","01","01","01"
"552","Failure","46","46","397","8123","8520","8118","8515","01","01","01","01","01","01"
"553","Failure","45","45","956","6754","7710","6749","7705","01","01","01","01","01","01"
"554","Failure","37","37","771","5767","6538","5762","6533","01","01","01","01","01","01"
"555","Failure","35","35","279","8389","8668","8384","8663","01","01","01","01","01","01"
"556","Failure","22","22","697","6129","6826","6124","6821","01","01","01","01","01","01"
"557","Failure","30","30","903","6191","7094","6186","7089","01","01","01","01","01","01"
"558","Failure","19","19","508","5886","6394","5881","6389","01","01","01","01","01","01"
"559","Failure","40","40","700","7626","8326","7621","8321","01","01","01","01","01","01"
"560","Failure","50","50","369","4854","5223","4849","5218","01","01","01","01","01","01"
"561","Failure","35","35","819","8668","9487","8663","9482","01","01","01","01","01","01"
"562","Failure","07","07","325","4509","4834","4504","4829","01","01","01","01","01","01"
"563","Failure","02","02","146","14538","14684","14533","14679","01","01","01","01","01","01"
"564","Failure","14","14","607","5330","5937","5325","5932","01","01","01","01","01","01"
"565","Failure","15","15","940","4126","5066","4121","5061","01","01","01","01","01","01"
"566","Failure","21","21","1067","6933","8000","6928","7995","01","01","01","01","01","01"
"567","Failure","05","05","1821","11304","13125","11299","13120","01","01","01","01","01","01"
"568","Failure","48","48","1013","7361","8374","7356","8369","01","01","01","01","01","01"
"569","Failure","18","18","823","8032","8855","8027","8850","01","01","01","01","01","01"
"570","Failure","37","37","594","6538","7132","6533","7127","01","01","01","01","01","01"
"571","Failure","44","44","333","9112","9445","9107","9440","01","01","01","01","01","01"
"572","Failure","33","33","742","11230","11972","11225","11967","01","01","01","01","01","01"
"573","Failure","16","16","291","3933","4224","3928","4219","01","01","01","01","01","01"
"574","Failure","14","14","385","5937","6322","5932","6317","01","01","01","01","01","01"
"575","Failure","36","36","704","5677","6381","5672","6376","01","01","01","01","01","01"
"576","Failure","16","16","580","4224","4804","4219","4799","01","01","01","01","01","01"
"577","Failure","25","25","477","6370","6847","6365","6842","01","01","01","01","01","01"
"578","Failure","10","10","556","10950","11506","10945","11501","01","01","01","01","01","01"
"579","Failure","10","10","619","11506","12125","11501","12120","01","01","01","01","01","01"
"580","Failure","03","03","1902","10617","12519","10612","12514","01","01","01","01","01","01"
"581","Failure","06","06","987","11872","12859","11867","12854","01","01","01","01","01","01"
"582","Failure","25","25","749","6847","7596","6842","7591","01","01","01","01","01","01"
"583","Failure","28","28","631","7527","8158","7522","8153","01","01","01","01","01","01"
"584","Failure","22","22","188","6826","7014","6821","7009","01","01","01","01","01","01"
"585","Failure","24","24","291","9166","9457","9161","9452","01","01","01","01","01","01"
"586","Failure","45","45","369","7710","8079","7705","8074","01","01","01","01","01","01"
"587","Failure","30","30","620","7094","7714","7089","7709","01","01","01","01","01","01"
"588","Failure","03","03","555","12519","13074","12514","13069","01","01","01","01","01","01"
"589","Failure","15","15","784","5066","5850","5061","5845","01","01","01","01","01","01"
"590","Failure","30","30","656","7714","8370","7709","8365","01","01","01","01","01","01"
"591","Failure","33","33","111","11972","12083","11967","12078","01","01","01","01","01","01"
"592","Failure","19","19","569","6394","6963","6389","6958","01","01","01","01","01","01"
"593","Failure","19","19","394","6963","7357","6958","7352","01","01","01","01","01","01"
"594","Failure","49","49","823","9026","9849","9021","9844","01","01","01","01","01","01"
"595","Failure","16","16","954","4804","5758","4799","5753","01","01","01","01","01","01"
"596","Failure","48","48","574","8374","8948","8369","8943","01","01","01","01","01","01"
"597","Failure","50","50","629","5223","5852","5218","5847","01","01","01","01","01","01"
"598","Failure","04","04","854","8637","9491","8632","9486","01","01","01","01","01","01"
"599","Failure","23","23","1064","4837","5901","4832","5896","01","01","01","01","01","01"
"600","Failure","16","16","632","5758","6390","5753","6385","01","01","01","01","01","01"
"601","Failure","13","13","696","8787","9483","8782","9478","01","01","01","01","01","01"
"602","Failure","16","16","495","6390","6885","6385","6880","01","01","01","01","01","01"
"603","Failure","47","47","449","7029","7478","7024","7473","01","01","01","01","01","01"
"604","Failure","23","23","975","5901","6876","5896","6871","01","01","01","01","01","01"
"605","Failure","48","48","577","8948","9525","8943","9520","01","01","01","01","01","01"
"606","Failure","09","09","262","4420","4682","4415","4677","01","01","01","01","01","01"
"607","Failure","44","44","771","9445","10216","9440","10211","01","01","01","01","01","01"
"608","Failure","51","51","722","6363","7085","6358","7080","01","01","01","01","01","01"
"609","Failure","22","22","254","7014","7268","7009","7263","01","01","01","01","01","01"
"610","Failure","13","13","658","9483","10141","9478","10136","01","01","01","01","01","01"
"611","Failure","29","29","952","5788","6740","5783","6735","01","01","01","01","01","01"
"612","Failure","04","04","754","9491","10245","9486","10240","01","01","01","01","01","01"
"613","Failure","22","22","852","7268","8120","7263","8115","01","01","01","01","01","01"
"614","Failure","12","12","522","7346","7868","7341","7863","01","01","01","01","01","01"
"615","Failure","14","14","874","6322","7196","6317","7191","01","01","01","01","01","01"
"616","Failure","22","22","450","8120","8570","8115","8565","01","01","01","01","01","01"
"617","Failure","38","38","384","8299","8683","8294","8678","01","01","01","01","01","01"
"618","Failure","51","51","565","7085","7650","7080","7645","01","01","01","01","01","01"
"619","Failure","47","47","623","7478","8101","7473","8096","01","01","01","01","01","01"
"620","Failure","26","26","730","5837","6567","5832","6562","01","01","01","01","01","01"
"621","Failure","05","05","1083","13125","14208","13120","14203","01","01","01","01","01","01"
"622","Failure","45","45","251","8079","8330","8074","8325","01","01","01","01","01","01"
"623","Failure","26","26","920","6567","7487","6562","7482","01","01","01","01","01","01"
"624","Failure","20","20","700","5907","6607","5902","6602","01","01","01","01","01","01"
"625","Failure","22","22","612","8570","9182","8565","9177","01","01","01","01","01","01"
"626","Failure","46","46","604","8520","9124","8515","9119","01","01","01","01","01","01"
"627","Failure","14","14","303","7196","7499","7191","7494","01","01","01","01","01","01"
"628","Failure","45","45","1035","8330","9365","8325","9360","01","01","01","01","01","01"
"629","Failure","08","08","1108","4238","5346","4233","5341","01","01","01","01","01","01"
"630","Failure","17","17","477","10092","10569","10087","10564","01","01","01","01","01","01"
"631","Failure","34","34","185","3976","4161","3971","4156","01","01","01","01","01","01"
"632","Failure","44","44","781","10216","10997","10211","10992","01","01","01","01","01","01"
"633","Failure","30","30","521","8370","8891","8365","8886","01","01","01","01","01","01"
"634","Failure","50","50","583","5852","6435","5847","6430","01","01","01","01","01","01"
"635","Failure","11","11","784","1895","2679","1890","2674","01","01","01","01","01","01"
"636","Failure","51","51","490","7650","8140","7645","8135","01","01","01","01","01","01"
"637","Failure","43","43","343","4945","5288","4940","5283","01","01","01","01","01","01"
"638","Failure","10","10","971","12125","13096","12120","13091","01","01","01","01","01","01"
"639","Failure","50","50","754","6435","7189","6430","7184","01","01","01","01","01","01"
"640","Failure","34","34","609","4161","4770","4156","4765","01","01","01","01","01","01"
"641","Failure","43","43","1067","5288","6355","5283","6350","01","01","01","01","01","01"
"642","Failure","40","40","443","8326","8769","8321","8764","01","01","01","01","01","01"
"643","Failure","49","49","307","9849","10156","9844","10151","01","01","01","01","01","01"
"644","Failure","30","30","798","8891","9689","8886","9684","01","01","01","01","01","01"
"645","Failure","35","35","427","9487","9914","9482","9909","01","01","01","01","01","01"
"646","Failure","05","05","1139","14208","15347","14203","15342","01","01","01","01","01","01"
"647","Failure","17","17","454","10569","11023","10564","11018","01","01","01","01","01","01"
"648","Failure","05","05","1065","15347","16412","15342","16407","01","01","01","01","01","01"
"649","Failure","29","29","288","6740","7028","6735","7023","01","01","01","01","01","01"
"650","Failure","05","05","1672","16412","18084","16407","18079","01","01","01","01","01","01"
"651","Failure","26","26","712","7487","8199","7482","8194","01","01","01","01","01","01"
"652","Failure","18","18","760","8855","9615","8850","9610","01","01","01","01","01","01"
"653","Failure","05","05","443","18084","18527","18079","18522","01","01","01","01","01","01"
"654","Failure","37","37","362","7132","7494","7127","7489","01","01","01","01","01","01"
"655","Failure","10","10","719","13096","13815","13091","13810","01","01","01","01","01","01"
"656","Failure","47","47","595","8101","8696","8096","8691","01","01","01","01","01","01"
"657","Failure","18","18","533","9615","10148","9610","10143","01","01","01","01","01","01"
"658","Failure","45","45","366","9365","9731","9360","9726","01","01","01","01","01","01"
"659","Failure","29","29","451","7028","7479","7023","7474","01","01","01","01","01","01"
"660","Failure","30","30","283","9689","9972","9684","9967","01","01","01","01","01","01"
"661","Failure","32","32","529","6749","7278","6744","7273","01","01","01","01","01","01"
"662","Failure","47","47","982","8696","9678","8691","9673","01","01","01","01","01","01"
"663","Failure","43","43","823","6355","7178","6350","7173","01","01","01","01","01","01"
"664","Failure","23","23","266","6876","7142","6871","7137","01","01","01","01","01","01"
"665","Failure","12","12","422","7868","8290","7863","8285","01","01","01","01","01","01"
"666","Failure","19","19","718","7357","8075","7352","8070","01","01","01","01","01","01"
"667","Failure","29","29","912","7479","8391","7474","8386","01","01","01","01","01","01"
"668","Failure","14","14","496","7499","7995","7494","7990","01","01","01","01","01","01"
"669","Failure","31","31","711","4759","5470","4754","5465","01","01","01","01","01","01"
"670","Failure","23","23","877","7142","8019","7137","8014","01","01","01","01","01","01"
"671","Failure","20","20","488","6607","7095","6602","7090","01","01","01","01","01","01"
"672","Failure","23","23","471","8019","8490","8014","8485","01","01","01","01","01","01"
"673","Failure","20","20","388","7095","7483","7090","7478","01","01","01","01","01","01"
"674","Failure","02","02","642","14684","15326","14679","15321","01","01","01","01","01","01"
"675","Failure","05","05","497","18527","19024","18522","19019","01","01","01","01","01","01"
"676","Failure","45","45","439","9731","10170","9726","10165","01","01","01","01","01","01"
"677","Failure","50","50","452","7189","7641","7184","7636","01","01","01","01","01","01"
"678","Failure","02","02","854","15326","16180","15321","16175","01","01","01","01","01","01"
"679","Failure","30","30","665","9972","10637","9967","10632","01","01","01","01","01","01"
"680","Failure","40","40","501","8769","9270","8764","9265","01","01","01","01","01","01"
"681","Failure","30","30","692","10637","11329","10632","11324","01","01","01","01","01","01"
"682","Failure","24","24","622","9457","10079","9452","10074","01","01","01","01","01","01"
"683","Failure","46","46","767","9124","9891","9119","9886","01","01","01","01","01","01"
"684","Failure","40","40","434","9270","9704","9265","9699","01","01","01","01","01","01"
"685","Failure","41","41","1009","5857","6866","5852","6861","01","01","01","01","01","01"
"686","Failure","50","50","456","7641","8097","7636","8092","01","01","01","01","01","01"
"687","Failure","49","49","183","10156","10339","10151","10334","01","01","01","01","01","01"
"688","Failure","20","20","650","7483","8133","7478","8128","01","01","01","01","01","01"
"689","Failure","18","18","596","10148","10744","10143","10739","01","01","01","01","01","01"
"690","Failure","43","43","212","7178","7390","7173","7385","01","01","01","01","01","01"
"691","Failure","24","24","193","10079","10272","10074","10267","01","01","01","01","01","01"
"692","Failure","28","28","912","8158","9070","8153","9065","01","01","01","01","01","01"
"693","Failure","20","20","635","8133","8768","8128","8763","01","01","01","01","01","01"
"694","Failure","43","43","190","7390","7580","7385","7575","01","01","01","01","01","01"
"695","Failure","25","25","227","7596","7823","7591","7818","01","01","01","01","01","01"
"696","Failure","05","05","464","19024","19488","19019","19483","01","01","01","01","01","01"
"697","Failure","38","38","600","8683","9283","8678","9278","01","01","01","01","01","01"
"698","Failure","15","15","631","5850","6481","5845","6476","01","01","01","01","01","01"
"699","Failure","40","40","495","9704","10199","9699","10194","01","01","01","01","01","01"
"700","Failure","28","28","759","9070","9829","9065","9824","01","01","01","01","01","01"
"701","Failure","19","19","362","8075","8437","8070","8432","01","01","01","01","01","01"
"702","Failure","15","15","914","6481","7395","6476","7390","01","01","01","01","01","01"
"703","Failure","31","31","947","5470","6417","5465","6412","01","01","01","01","01","01"
"704","Failure","49","49","323","10339","10662","10334","10657","01","01","01","01","01","01"
"705","Failure","30","30","894","11329","12223","11324","12218","01","01","01","01","01","01"
"706","Failure","24","24","908","10272","11180","10267","11175","01","01","01","01","01","01"
"707","Failure","05","05","396","19488","19884","19483","19879","01","01","01","01","01","01"
"708","Failure","03","03","394","13074","13468","13069","13463","01","01","01","01","01","01"
"709","Failure","07","07","310","4834","5144","4829","5139","01","01","01","01","01","01"
"710","Failure","22","22","431","9182","9613","9177","9608","01","01","01","01","01","01"
"711","Failure","39","39","738","5239","5977","5234","5972","01","01","01","01","01","01"
"712","Failure","14","14","438","7995","8433","7990","8428","01","01","01","01","01","01"
"713","Failure","36","36","262","6381","6643","6376","6638","01","01","01","01","01","01"
"714","Failure","35","35","502","9914","10416","9909","10411","01","01","01","01","01","01"
"715","Failure","12","12","512","8290","8802","8285","8797","01","01","01","01","01","01"
"716","Failure","10","10","651","13815","14466","13810","14461","01","01","01","01","01","01"
"717","Failure","08","08","612","5346","5958","5341","5953","01","01","01","01","01","01"
"718","Failure","33","33","778","12083","12861","12078","12856","01","01","01","01","01","01"
"719","Failure","28","28","689","9829","10518","9824","10513","01","01","01","01","01","01"
"720","Failure","38","38","711","9283","9994","9278","9989","01","01","01","01","01","01"
"721","Failure","13","13","416","10141","10557","10136","10552","01","01","01","01","01","01"
"722","Failure","18","18","428","10744","11172","10739","11167","01","01","01","01","01","01"
"723","Failure","08","08","396","5958","6354","5953","6349","01","01","01","01","01","01"
"724","Failure","43","43","596","7580","8176","7575","8171","01","01","01","01","01","01"
"725","Failure","13","13","580","10557","11137","10552","11132","01","01","01","01","01","01"
"726","Failure","49","49","387","10662","11049","10657","11044","01","01","01","01","01","01"
"727","Failure","45","45","796","10170","10966","10165","10961","01","01","01","01","01","01"
"728","Failure","13","13","496","11137","11633","11132","11628","01","01","01","01","01","01"
"729","Failure","51","51","685","8140","8825","8135","8820","01","01","01","01","01","01"
"730","Failure","33","33","258","12861","13119","12856","13114","01","01","01","01","01","01"
"731","Failure","10","10","747","14466","15213","14461","15208","01","01","01","01","01","01"
"732","Failure","12","12","581","8802","9383","8797","9378","01","01","01","01","01","01"
"733","Failure","09","09","617","4682","5299","4677","5294","01","01","01","01","01","01"
"734","Failure","03","03","709","13468","14177","13463","14172","01","01","01","01","01","01"
"735","Failure","15","15","530","7395","7925","7390","7920","01","01","01","01","01","01"
"736","Failure","34","34","105","4770","4875","4765","4870","01","01","01","01","01","01"
"737","Failure","45","45","296","10966","11262","10961","11257","01","01","01","01","01","01"
"738","Failure","40","40","550","10199","10749","10194","10744","01","01","01","01","01","01"
"739","Failure","47","47","371","9678","10049","9673","10044","01","01","01","01","01","01"
"740","Failure","35","35","583","10416","10999","10411","10994","01","01","01","01","01","01"
"741","Failure","23","23","554","8490","9044","8485","9039","01","01","01","01","01","01"
"742","Failure","11","11","641","2679","3320","2674","3315","01","01","01","01","01","01"
"743","Failure","51","51","901","8825","9726","8820","9721","01","01","01","01","01","01"
"744","Failure","44","44","532","10997","11529","10992","11524","01","01","01","01","01","01"
"745","Failure","32","32","650","7278","7928","7273","7923","01","01","01","01","01","01"
"746","Failure","14","14","823","8433","9256","8428","9251","01","01","01","01","01","01"
"747","Failure","40","40","664","10749","11413","10744","11408","01","01","01","01","01","01"
"748","Failure","49","49","694","11049","11743","11044","11738","01","01","01","01","01","01"
"749","Failure","44","44","627","11529","12156","11524","12151","01","01","01","01","01","01"
"750","Failure","39","39","177","5977","6154","5972","6149","01","01","01","01","01","01"
"751","Failure","10","10","529","15213","15742","15208","15737","01","01","01","01","01","01"
"752","Failure","50","50","321","8097","8418","8092","8413","01","01","01","01","01","01"
"753","Failure","38","38","764","9994","10758","9989","10753","01","01","01","01","01","01"
"754","Failure","35","35","940","10999","11939","10994","11934","01","01","01","01","01","01"
"755","Failure","48","48","600","9525","10125","9520","10120","01","01","01","01","01","01"
"756","Failure","08","08","1002","6354","7356","6349","7351","01","01","01","01","01","01"
"757","Failure","44","44","545","12156","12701","12151","12696","01","01","01","01","01","01"
"758","Failure","11","11","563","3320","3883","3315","3878","01","01","01","01","01","01"
"759","Failure","47","47","623","10049","10672","10044","10667","01","01","01","01","01","01"
"760","Failure","13","13","245","11633","11878","11628","11873","01","01","01","01","01","01"
"761","Failure","37","37","479","7494","7973","7489","7968","01","01","01","01","01","01"
"762","Failure","21","21","189","8000","8189","7995","8184","01","01","01","01","01","01"
"763","Failure","35","35","713","11939","12652","11934","12647","01","01","01","01","01","01"
"764","Failure","40","40","138","11413","11551","11408","11546","01","01","01","01","01","01"
"765","Failure","21","21","867","8189","9056","8184","9051","01","01","01","01","01","01"
"766","Failure","17","17","208","11023","11231","11018","11226","01","01","01","01","01","01"
"767","Failure","31","31","836","6417","7253","6412","7248","01","01","01","01","01","01"
"768","Failure","10","10","497","15742","16239","15737","16234","01","01","01","01","01","01"
"769","Failure","50","50","891","8418","9309","8413","9304","01","01","01","01","01","01"
"770","Failure","48","48","626","10125","10751","10120","10746","01","01","01","01","01","01"
"771","Failure","41","41","636","6866","7502","6861","7497","01","01","01","01","01","01"
"772","Failure","51","51","505","9726","10231","9721","10226","01","01","01","01","01","01"
"773","Failure","45","45","964","11262","12226","11257","12221","01","01","01","01","01","01"
"774","Failure","42","42","173","5149","5322","5144","5317","01","01","01","01","01","01"
"775","Failure","33","33","1058","13119","14177","13114","14172","01","01","01","01","01","01"
"776","Failure","03","03","799","14177","14976","14172","14971","01","01","01","01","01","01"
"777","Failure","33","33","454","14177","14631","14172","14626","01","01","01","01","01","01"
"778","Failure","50","50","637","9309","9946","9304","9941","01","01","01","01","01","01"
"779","Failure","22","22","422","9613","10035","9608","10030","01","01","01","01","01","01"
"780","Failure","34","34","716","4875","5591","4870","5586","01","01","01","01","01","01"
"781","Failure","12","12","675","9383","10058","9378","10053","01","01","01","01","01","01"
"782","Failure","39","39","851","6154","7005","6149","7000","01","01","01","01","01","01"
"783","Failure","03","03","682","14976","15658","14971","15653","01","01","01","01","01","01"
"784","Failure","33","33","733","14631","15364","14626","15359","01","01","01","01","01","01"
"785","Failure","33","33","787","15364","16151","15359","16146","01","01","01","01","01","01"
"786","Failure","06","06","331","12859","13190","12854","13185","01","01","01","01","01","01"
"787","Failure","08","08","809","7356","8165","7351","8160","01","01","01","01","01","01"
"788","Failure","40","40","777","11551","12328","11546","12323","01","01","01","01","01","01"
"789","Failure","40","40","255","12328","12583","12323","12578","01","01","01","01","01","01"
"790","Failure","37","37","348","7973","8321","7968","8316","01","01","01","01","01","01"
"791","Failure","03","03","304","15658","15962","15653","15957","01","01","01","01","01","01"
"792","Failure","48","48","237","10751","10988","10746","10983","01","01","01","01","01","01"
"793","Failure","31","31","461","7253","7714","7248","7709","01","01","01","01","01","01"
"794","Failure","51","51","1086","10231","11317","10226","11312","01","01","01","01","01","01"
"795","Failure","02","02","919","16180","17099","16175","17094","01","01","01","01","01","01"
"796","Failure","47","47","758","10672","11430","10667","11425","01","01","01","01","01","01"
"797","Failure","33","33","572","16151","16723","16146","16718","01","01","01","01","01","01"
"798","Failure","11","11","826","3883","4709","3878","4704","01","01","01","01","01","01"
"799","Failure","34","34","335","5591","5926","5586","5921","01","01","01","01","01","01"
"800","Failure","11","11","644","4709","5353","4704","5348","01","01","01","01","01","01"
"801","Failure","16","16","442","6885","7327","6880","7322","01","01","01","01","01","01"
"802","Failure","31","31","1047","7714","8761","7709","8756","01","01","01","01","01","01"
"803","Failure","05","05","274","19884","20158","19879","20153","01","01","01","01","01","01"
"804","Failure","04","04","225","10245","10470","10240","10465","01","01","01","01","01","01"
"805","Failure","15","15","370","7925","8295","7920","8290","01","01","01","01","01","01"
"806","Failure","42","42","208","5322","5530","5317","5525","01","01","01","01","01","01"
"807","Failure","22","22","499","10035","10534","10030","10529","01","01","01","01","01","01"
"808","Failure","14","14","430","9256","9686","9251","9681","01","01","01","01","01","01"
"809","Failure","43","43","725","8176","8901","8171","8896","01","01","01","01","01","01"
"810","Failure","16","16","544","7327","7871","7322","7866","01","01","01","01","01","01"
"811","Failure","33","33","740","16723","17463","16718","17458","01","01","01","01","01","01"
"812","Failure","15","15","871","8295","9166","8290","9161","01","01","01","01","01","01"
"813","Failure","41","41","189","7502","7691","7497","7686","01","01","01","01","01","01"
"814","Failure","40","40","302","12583","12885","12578","12880","01","01","01","01","01","01"
"815","Failure","45","45","746","12226","12972","12221","12967","01","01","01","01","01","01"
"816","Failure","36","36","502","6643","7145","6638","7140","01","01","01","01","01","01"
"817","Failure","34","34","728","5926","6654","5921","6649","01","01","01","01","01","01"
"818","Failure","17","17","472","11231","11703","11226","11698","01","01","01","01","01","01"
"819","Failure","46","46","514","9891","10405","9886","10400","01","01","01","01","01","01"
"820","Failure","09","09","610","5299","5909","5294","5904","01","01","01","01","01","01"
"821","Failure","02","02","465","17099","17564","17094","17559","01","01","01","01","01","01"
"822","Failure","28","28","1009","10518","11527","10513","11522","01","01","01","01","01","01"
"823","Failure","15","15","805","9166","9971","9161","9966","01","01","01","01","01","01"
"824","Failure","34","34","138","6654","6792","6649","6787","01","01","01","01","01","01"
"825","Failure","21","21","628","9056","9684","9051","9679","01","01","01","01","01","01"
"826","Failure","45","45","374","12972","13346","12967","13341","01","01","01","01","01","01"
"827","Failure","13","13","352","11878","12230","11873","12225","01","01","01","01","01","01"
"828","Failure","05","05","448","20158","20606","20153","20601","01","01","01","01","01","01"
"829","Failure","27","27","794","5846","6640","5841","6635","01","01","01","01","01","01"
"830","Failure","44","44","726","12701","13427","12696","13422","01","01","01","01","01","01"
"831","Failure","18","18","431","11172","11603","11167","11598","01","01","01","01","01","01"
"832","Failure","17","17","818","11703","12521","11698","12516","01","01","01","01","01","01"
"833","Failure","42","42","302","5530","5832","5525","5827","01","01","01","01","01","01"
"834","Failure","37","37","223","8321","8544","8316","8539","01","01","01","01","01","01"
"835","Failure","13","13","190","12230","12420","12225","12415","01","01","01","01","01","01"
"836","Failure","17","17","420","12521","12941","12516","12936","01","01","01","01","01","01"
"837","Failure","50","50","447","9946","10393","9941","10388","01","01","01","01","01","01"
"838","Failure","21","21","280","9684","9964","9679","9959","01","01","01","01","01","01"
"839","Failure","35","35","739","12652","13391","12647","13386","01","01","01","01","01","01"
"840","Failure","50","50","589","10393","10982","10388","10977","01","01","01","01","01","01"
"841","Failure","17","17","573","12941","13514","12936","13509","01","01","01","01","01","01"
"842","Failure","05","05","782","20606","21388","20601","21383","01","01","01","01","01","01"
"843","Failure","22","22","840","10534","11374","10529","11369","01","01","01","01","01","01"
"844","Failure","43","43","308","8901","9209","8896","9204","01","01","01","01","01","01"
"845","Failure","32","32","844","7928","8772","7923","8767","01","01","01","01","01","01"
"846","Failure","27","27","513","6640","7153","6635","7148","01","01","01","01","01","01"
"847","Failure","46","46","1114","10405","11519","10400","11514","01","01","01","01","01","01"
"848","Failure","40","40","511","12885","13396","12880","13391","01","01","01","01","01","01"
"849","Failure","15","15","821","9971","10792","9966","10787","01","01","01","01","01","01"
"850","Failure","14","14","683","9686","10369","9681","10364","01","01","01","01","01","01"
"851","Failure","20","20","443","8768","9211","8763","9206","01","01","01","01","01","01"
"852","Failure","23","23","1087","9044","10131","9039","10126","01","01","01","01","01","01"
"853","Failure","36","36","411","7145","7556","7140","7551","01","01","01","01","01","01"
"854","Failure","16","16","947","7871","8818","7866","8813","01","01","01","01","01","01"
"855","Failure","47","47","819","11430","12249","11425","12244","01","01","01","01","01","01"
"856","Failure","17","17","604","13514","14118","13509","14113","01","01","01","01","01","01"
"857","Failure","27","27","397","7153","7550","7148","7545","01","01","01","01","01","01"
"858","Failure","16","16","997","8818","9815","8813","9810","01","01","01","01","01","01"
"859","Failure","21","21","249","9964","10213","9959","10208","01","01","01","01","01","01"
"860","Failure","06","06","700","13190","13890","13185","13885","01","01","01","01","01","01"
"861","Failure","05","05","757","21388","22145","21383","22140","01","01","01","01","01","01"
"862","Failure","26","26","145","8199","8344","8194","8339","01","01","01","01","01","01"
"863","Failure","11","11","572","5353","5925","5348","5920","01","01","01","01","01","01"
"864","Failure","22","22","528","11374","11902","11369","11897","01","01","01","01","01","01"
"865","Failure","02","02","367","17564","17931","17559","17926","01","01","01","01","01","01"
"866","Failure","24","24","791","11180","11971","11175","11966","01","01","01","01","01","01"
"867","Failure","10","10","178","16239","16417","16234","16412","01","01","01","01","01","01"
"868","Failure","17","17","305","14118","14423","14113","14418","01","01","01","01","01","01"
"869","Failure","30","30","794","12223","13017","12218","13012","01","01","01","01","01","01"
"870","Failure","19","19","600","8437","9037","8432","9032","01","01","01","01","01","01"
"871","Failure","51","51","792","11317","12109","11312","12104","01","01","01","01","01","01"
"872","Failure","02","02","670","17931","18601","17926","18596","01","01","01","01","01","01"
"873","Failure","48","48","445","10988","11433","10983","11428","01","01","01","01","01","01"
"874","Failure","27","27","309","7550","7859","7545","7854","01","01","01","01","01","01"
"875","Failure","49","49","587","11743","12330","11738","12325","01","01","01","01","01","01"
"876","Failure","17","17","517","14423","14940","14418","14935","01","01","01","01","01","01"
"877","Failure","31","31","962","8761","9723","8756","9718","01","01","01","01","01","01"
"878","Failure","11","11","277","5925","6202","5920","6197","01","01","01","01","01","01"
"879","Failure","48","48","1058","11433","12491","11428","12486","01","01","01","01","01","01"
"880","Failure","19","19","478","9037","9515","9032","9510","01","01","01","01","01","01"
"881","Failure","46","46","820","11519","12339","11514","12334","01","01","01","01","01","01"
"882","Failure","06","06","593","13890","14483","13885","14478","01","01","01","01","01","01"
"883","Failure","07","07","799","5144","5943","5139","5938","01","01","01","01","01","01"
"884","Failure","20","20","659","9211","9870","9206","9865","01","01","01","01","01","01"
"885","Failure","48","48","810","12491","13301","12486","13296","01","01","01","01","01","01"
"886","Failure","15","15","722","10792","11514","10787","11509","01","01","01","01","01","01"
"887","Failure","07","07","275","5943","6218","5938","6213","01","01","01","01","01","01"
"888","Failure","51","51","753","12109","12862","12104","12857","01","01","01","01","01","01"
"889","Failure","33","33","752","17463","18215","17458","18210","01","01","01","01","01","01"
"890","Failure","22","22","841","11902","12743","11897","12738","01","01","01","01","01","01"
"891","Failure","31","31","205","9723","9928","9718","9923","01","01","01","01","01","01"
"892","Failure","15","15","382","11514","11896","11509","11891","01","01","01","01","01","01"
"893","Failure","11","11","988","6202","7190","6197","7185","01","01","01","01","01","01"
"894","Failure","20","20","761","9870","10631","9865","10626","01","01","01","01","01","01"
"895","Failure","46","46","256","12339","12595","12334","12590","01","01","01","01","01","01"
"896","Failure","06","06","605","14483","15088","14478","15083","01","01","01","01","01","01"
"897","Failure","17","17","162","14940","15102","14935","15097","01","01","01","01","01","01"
"898","Failure","15","15","992","11896","12888","11891","12883","01","01","01","01","01","01"
"899","Failure","43","43","214","9209","9423","9204","9418","01","01","01","01","01","01"
"900","Failure","44","44","656","13427","14083","13422","14078","01","01","01","01","01","01"
"901","Failure","05","05","503","22145","22648","22140","22643","01","01","01","01","01","01"
"902","Failure","16","16","686","9815","10501","9810","10496","01","01","01","01","01","01"
"903","Failure","04","04","754","10470","11224","10465","11219","01","01","01","01","01","01"
"904","Failure","04","04","776","11224","12000","11219","11995","01","01","01","01","01","01"
"905","Failure","51","51","1043","12862","13905","12857","13900","01","01","01","01","01","01"
"906","Failure","16","16","787","10501","11288","10496","11283","01","01","01","01","01","01"
"907","Failure","40","40","840","13396","14236","13391","14231","01","01","01","01","01","01"
"908","Failure","29","29","546","8391","8937","8386","8932","01","01","01","01","01","01"
"909","Failure","05","05","464","22648","23112","22643","23107","01","01","01","01","01","01"
"910","Failure","38","38","659","10758","11417","10753","11412","01","01","01","01","01","01"
"911","Failure","41","41","117","7691","7808","7686","7803","01","01","01","01","01","01"
"912","Failure","28","28","829","11527","12356","11522","12351","01","01","01","01","01","01"
"913","Failure","14","14","897","10369","11266","10364","11261","01","01","01","01","01","01"
"914","Failure","25","25","734","7823","8557","7818","8552","01","01","01","01","01","01"
"915","Failure","45","45","579","13346","13925","13341","13920","01","01","01","01","01","01"
"916","Failure","28","28","502","12356","12858","12351","12853","01","01","01","01","01","01"
"917","Failure","08","08","256","8165","8421","8160","8416","01","01","01","01","01","01"
"918","Failure","36","36","860","7556","8416","7551","8411","01","01","01","01","01","01"
"919","Failure","41","41","973","7808","8781","7803","8776","01","01","01","01","01","01"
"920","Failure","24","24","112","11971","12083","11966","12078","01","01","01","01","01","01"
"921","Failure","39","39","866","7005","7871","7000","7866","01","01","01","01","01","01"
"922","Failure","31","31","637","9928","10565","9923","10560","01","01","01","01","01","01"
"923","Failure","10","10","332","16417","16749","16412","16744","01","01","01","01","01","01"
"924","Failure","23","23","709","10131","10840","10126","10835","01","01","01","01","01","01"
"925","Failure","24","24","583","12083","12666","12078","12661","01","01","01","01","01","01"
"926","Failure","12","12","356","10058","10414","10053","10409","01","01","01","01","01","01"
"927","Failure","31","31","748","10565","11313","10560","11308","01","01","01","01","01","01"
"928","Failure","20","20","386","10631","11017","10626","11012","01","01","01","01","01","01"
"929","Failure","24","24","752","12666","13418","12661","13413","01","01","01","01","01","01"
"930","Failure","21","21","433","10213","10646","10208","10641","01","01","01","01","01","01"
"931","Failure","48","48","803","13301","14104","13296","14099","01","01","01","01","01","01"
"932","Failure","06","06","329","15088","15417","15083","15412","01","01","01","01","01","01"
"933","Failure","05","05","304","23112","23416","23107","23411","01","01","01","01","01","01"
"934","Failure","49","49","508","12330","12838","12325","12833","01","01","01","01","01","01"
"935","Failure","34","34","826","6792","7618","6787","7613","01","01","01","01","01","01"
"936","Failure","24","24","561","13418","13979","13413","13974","01","01","01","01","01","01"
"937","Failure","23","23","828","10840","11668","10835","11663","01","01","01","01","01","01"
"938","Failure","08","08","858","8421","9279","8416","9274","01","01","01","01","01","01"
"939","Failure","09","09","656","5909","6565","5904","6560","01","01","01","01","01","01"
"940","Failure","41","41","917","8781","9698","8776","9693","01","01","01","01","01","01"
"941","Failure","41","41","744","9698","10442","9693","10437","01","01","01","01","01","01"
"942","Failure","14","14","600","11266","11866","11261","11861","01","01","01","01","01","01"
"943","Failure","47","47","612","12249","12861","12244","12856","01","01","01","01","01","01"
"944","Failure","42","42","223","5832","6055","5827","6050","01","01","01","01","01","01"
"945","Failure","04","04","287","12000","12287","11995","12282","01","01","01","01","01","01"
"946","Failure","03","03","651","15962","16613","15957","16608","01","01","01","01","01","01"
"947","Failure","19","19","545","9515","10060","9510","10055","01","01","01","01","01","01"
"948","Failure","35","35","388","13391","13779","13386","13774","01","01","01","01","01","01"
"949","Failure","16","16","722","11288","12010","11283","12005","01","01","01","01","01","01"
"950","Failure","16","16","713","12010","12723","12005","12718","01","01","01","01","01","01"
"951","Failure","49","49","675","12838","13513","12833","13508","01","01","01","01","01","01"
"952","Failure","09","09","936","6565","7501","6560","7496","01","01","01","01","01","01"
"953","Failure","20","20","745","11017","11762","11012","11757","01","01","01","01","01","01"
"954","Failure","02","02","699","18601","19300","18596","19295","01","01","01","01","01","01"
"955","Failure","13","13","398","12420","12818","12415","12813","01","01","01","01","01","01"
"956","Failure","29","29","434","8937","9371","8932","9366","01","01","01","01","01","01"
"957","Failure","50","50","400","10982","11382","10977","11377","01","01","01","01","01","01"
"958","Failure","38","38","224","11417","11641","11412","11636","01","01","01","01","01","01"
"959","Failure","39","39","449","7871","8320","7866","8315","01","01","01","01","01","01"
"960","Failure","40","40","610","14236","14846","14231","14841","01","01","01","01","01","01"
"961","Failure","18","18","1043","11603","12646","11598","12641","01","01","01","01","01","01"
"962","Failure","19","19","795","10060","10855","10055","10850","01","01","01","01","01","01"
"963","Failure","02","02","676","19300","19976","19295","19971","01","01","01","01","01","01"
"964","Failure","14","14","616","11866","12482","11861","12477","01","01","01","01","01","01"
"965","Failure","24","24","595","13979","14574","13974","14569","01","01","01","01","01","01"
"966","Failure","50","50","724","11382","12106","11377","12101","01","01","01","01","01","01"
"967","Failure","05","05","966","23416","24382","23411","24377","01","01","01","01","01","01"
"968","Failure","18","18","620","12646","13266","12641","13261","01","01","01","01","01","01"
"969","Failure","10","10","434","16749","17183","16744","17178","01","01","01","01","01","01"
"970","Failure","20","20","595","11762","12357","11757","12352","01","01","01","01","01","01"
"971","Failure","35","35","818","13779","14597","13774","14592","01","01","01","01","01","01"
"972","Failure","07","07","864","6218","7082","6213","7077","01","01","01","01","01","01"
"973","Failure","46","46","186","12595","12781","12590","12776","01","01","01","01","01","01"
"974","Failure","42","42","722","6055","6777","6050","6772","01","01","01","01","01","01"
"975","Failure","17","17","702","15102","15804","15097","15799","01","01","01","01","01","01"
"976","Failure","15","15","779","12888","13667","12883","13662","01","01","01","01","01","01"
"977","Failure","47","47","809","12861","13670","12856","13665","01","01","01","01","01","01"
"978","Failure","12","12","1031","10414","11445","10409","11440","01","01","01","01","01","01"
"979","Failure","26","26","354","8344","8698","8339","8693","01","01","01","01","01","01"
"980","Failure","18","18","543","13266","13809","13261","13804","01","01","01","01","01","01"
"981","Failure","43","43","663","9423","10086","9418","10081","01","01","01","01","01","01"
"982","Failure","04","04","907","12287","13194","12282","13189","01","01","01","01","01","01"
"983","Failure","03","03","1098","16613","17711","16608","17706","01","01","01","01","01","01"
"984","Failure","24","24","689","14574","15263","14569","15258","01","01","01","01","01","01"
"985","Failure","48","48","448","14104","14552","14099","14547","01","01","01","01","01","01"
"986","Failure","25","25","310","8557","8867","8552","8862","01","01","01","01","01","01"
"987","Failure","17","17","377","15804","16181","15799","16176","01","01","01","01","01","01"
"988","Failure","17","17","635","16181","16816","16176","16811","01","01","01","01","01","01"
"989","Failure","43","43","583","10086","10669","10081","10664","01","01","01","01","01","01"
"990","Failure","29","29","510","9371","9881","9366","9876","01","01","01","01","01","01"
"991","Failure","11","11","445","7190","7635","7185","7630","01","01","01","01","01","01"
"992","Failure","26","26","738","8698","9436","8693","9431","01","01","01","01","01","01"
"993","Failure","05","05","608","24382","24990","24377","24985","01","01","01","01","01","01"
"994","Failure","49","49","524","13513","14037","13508","14032","01","01","01","01","01","01"
"995","Failure","39","39","555","8320","8875","8315","8870","01","01","01","01","01","01"
"996","Failure","14","14","321","12482","12803","12477","12798","01","01","01","01","01","01"
"997","Failure","07","07","571","7082","7653","7077","7648","01","01","01","01","01","01"
"998","Failure","39","39","957","8875","9832","8870","9827","01","01","01","01","01","01"
"999","Failure","32","32","622","8772","9394","8767","9389","01","01","01","01","01","01"
"Makespan using QLearning:","18717.60169801848"
"Total Completion Time:","6943247.0"
"Avg Completion Time:","6943.247"
"Total Cost:","1242366.0"
"Avg Cost:","1242.366"
"Avg Waiting Time:","6322.064"
"Successful Rate:","0.155"
"Avg CPU Utilization:","0.4333028738839286"
"Total Power:","7.2672561E7"
"Average Ram:","1.0"
