"Cloudlet ID","Status","Data center ID","VM ID","Time","Start Time","Finish Time","Waiting","Completion","RAM Utilization1","RAM Utilization2","RAM Utilization3","RAM Utilization4","RAM Utilization5","RAM Utilization6"
"04","SUCCESS","08","08","379","01","380","00","379","01","01","01","01","01","01"
"00","SUCCESS","09","09","443","01","444","00","443","01","01","01","01","01","01"
"03","SUCCESS","04","04","471","01","472","00","471","01","01","01","01","01","01"
"07","SUCCESS","07","07","478","01","479","00","478","01","01","01","01","01","01"
"01","SUCCESS","09","09","242","444","686","443","685","01","01","01","01","01","01"
"02","SUCCESS","02","02","942","01","943","00","942","01","01","01","01","01","01"
"09","SUCCESS","09","09","356","686","1042","685","1041","01","01","01","01","01","01"
"05","SUCCESS","04","04","609","472","1081","471","1080","01","01","01","01","01","01"
"08","SUCCESS","07","07","758","479","1237","478","1236","01","01","01","01","01","01"
"06","SUCCESS","04","04","1025","1081","2106","1080","2105","01","01","01","01","01","01"
"Makespan using QLearning:","2236.3010878412133"
"Total Completion Time:","8860.0"
"Avg Completion Time:","886.0"
"Total Cost:","11406.0"
"Avg Cost:","1140.6"
"Avg Waiting Time:","315.7"
"Successful Rate:","1.0"
"Avg CPU Utilization:","1.6110169491525423"
"Total Power:","666666.0"
"Average Ram:","1.0"
